0.93390745
0.88238364
0.037498016
0.03302776
0.04092031
0.06806917
0.057009906
0.07293408
0.05117164
0.040471982
0.035215613
0.036883302
0.043851513
0.040068995
0.030596841
0.024371907
0.021421628
0.03217091
0.24911602
0.949969
0.9562606
0.9577132
0.94750196
0.10828395
0.036583986
0.018023156
0.0146657685
0.016711144
0.022468995
0.030925324
0.056874137
0.94264585
0.9489742
0.06218045
0.052971393
0.03899634
0.03608726
0.06608108
0.20326626
0.94976246
0.9528605
0.94437337
0.22056542
0.104248896
0.060868457
0.04571723
0.04194657
0.054029614
0.7860072
0.7596892
0.7258002
0.76774126
0.8760188
0.9064351
0.8934203
0.92138135
0.9261563
0.8886138
0.043885406
0.03418783
0.046370946
0.046933297
0.035788793
0.027749896
0.028930493
0.09304328
0.9295258
0.9453135
0.9630528
0.9641432
0.11219906
0.051329833
0.03573287
0.035738144
0.045762915
0.0608256
0.06998781
0.06818027
0.8547114
0.86794716
0.87478817
0.8591364
0.83713746
0.81048274
0.79433185
0.8023643
0.8272035
0.8545446
0.84916896
0.8423797
0.8043576
0.08160431
0.060548916
0.0659188
0.059017867
0.052256744
0.049774483
0.055131853
0.06246029
0.06728271
0.91009957
0.91918033
0.91930145
0.3199718
0.14488997
0.12981845
0.2220155
0.34641337
0.849792
0.8509514
0.84860605
0.062102538
0.044967737
0.04513919
0.06589563
0.10940199
0.0930824
0.73129785
0.057553355
0.10058554
0.8833716
0.8939246
0.86739445
0.86384374
0.1428441
0.14037095
0.8659414
0.19424011
0.090455614
0.05670085
0.037661627
0.04072197
0.06177053
0.8736838
0.8872185
0.13419269
0.090716355
0.07665902
0.095526434
0.1411931
0.9185232
0.9299198
0.92888117
0.94182295
0.93620485
0.8934496
0.19350737
0.17818442
0.16710033
0.14461374
0.15751593
0.18855937
0.24549414
0.35958484
0.7945023
0.8105622
0.8160092
0.81290674
0.802344
0.79036415
0.7839928
0.15168518
0.065221295
0.054378547
0.050069842
0.059075635
0.1452936
0.7822532
0.82379675
0.85526514
0.8623039
0.81799173
0.061798505
0.030573716
0.03309706
0.040867086
0.05744278
0.08115931
0.8964775
0.9097277
0.8858225
0.8281253
0.83481705
0.15651906
0.09834471
0.0719466
0.043626368
0.04003056
0.057155326
0.07706058
0.11583319
0.8601208
0.8364303
0.39604214
0.13102458
0.070140526
0.066251084
0.065519676
0.08946629
0.7256866
0.71108145
0.18516292
0.13856557
0.6221887
0.15867312
0.15564375
0.59634876
0.17128639
0.20993201
0.27519527
0.3882357
0.83940345
0.3121854
0.32314718
0.27220556
0.3292943
0.32934663
0.32964087
0.4233694
0.8369847
0.38537076
0.22710694
0.16938514
0.12299857
0.12172981
0.20441656
0.21130504
0.77214223
0.31079525
0.13244314
0.11411014
0.70721906
0.11003221
0.077759676
0.08073969
0.11503241
0.22221082
0.3195915
0.7998034
0.15913294
0.08007004
0.06647376
0.06668406
0.07235566
0.054306507
0.04464927
0.04328279
0.056002263
0.09387528
0.14145291
0.79881585
0.74983597
0.084063046
0.086809605
0.7268057
0.7544707
0.10678191
0.061147824
0.056520615
0.1170171
0.77946764
0.7778245
0.77728176
0.22798042
0.058473647
0.046402857
0.05984848
0.7608167
0.19669706
0.11670694
0.2040597
0.8474298
0.06385713
0.03568507
0.025166912
0.02169366
0.03559085
0.915197
0.91075695
0.9314494
0.09455503
0.037777085
0.033211164
0.046309326
0.062441435
0.8297296
0.11651526
0.093478076
0.22342865
0.82975245
0.81994796
0.09641159
0.069672085
0.087766975
0.17238759
0.8655561
0.8260303
0.81879884
0.8145904
0.8525775
0.17439681
0.099860474
0.097120404
0.08310165
0.8472429
0.064892
0.055411793
0.051099982
0.042763352
0.034273684
0.032542583
0.04284715
0.815885
0.09268409
0.08507789
0.14682764
0.8622051
0.042208634
0.028529868
0.030329892
0.036995634
0.040864486
0.03927193
0.044441644
0.07537542
0.09200545
0.8343069
0.7678596
0.07828737
0.07042139
0.09703709
0.8199894
0.19380133
0.10996876
0.09718529
0.1049106
0.1631617
0.23049153
0.22635262
0.7336526
0.7194416
0.36600402
0.29881907
0.40232474
0.47744125
0.81392246
0.79609776
0.84415
0.88364357
0.8764432
0.83095986
0.81515193
0.31613097
0.2860693
0.24707164
0.2947245
0.7169188
0.7282928
0.74656653
0.7763881
0.87855726
0.9119426
0.8592697
0.05262994
0.038676724
0.03277431
0.030957513
0.03939102
0.23617435
0.9058284
0.9161944
0.9162235
0.91979915
0.9442726
0.07503134
0.03914039
0.036015
0.042568453
0.06492183
0.07282274
0.10720733
0.14259417
0.107350126
0.079919286
0.06579675
0.073043875
0.10433295
0.84765196
0.83361006
0.8202639
0.3309286
0.2265415
0.21446337
0.16184746
0.55922
0.13727751
0.16045623
0.80040747
0.7946785
0.067033745
0.065680176
0.115591675
0.13918604
0.27774027
0.92562777
0.91709995
0.13078113
0.116931506
0.16293246
0.9183563
0.904483
0.24665856
0.8047871
0.7972391
0.047445375
0.057620965
0.09945629
0.08431681
0.048830334
0.034995306
0.031121403
0.033244625
0.04741377
0.060829364
0.8240401
0.80178744
0.07974148
0.048138607
0.06311859
0.9199662
0.100276306
0.030906692
0.037373528
0.90172935
0.91430515
0.9108958
0.9091507
0.9207501
0.042738203
0.028182596
0.028515665
0.030775128
0.037851676
0.033559326
0.028861625
0.029203014
0.028397664
0.026781823
0.038032066
0.85729206
0.17346719
0.08576617
0.056947265
0.046681404
0.045237694
0.7523925
0.12476617
0.7757944
0.8574788
0.17744112
0.18704666
0.14284389
0.7747749
0.8626612
0.19317637
0.13189048
0.14389467
0.1416066
0.1214658
0.219158
0.33415455
0.18676688
0.66826606
0.60475767
0.10233033
0.07520404
0.08297071
0.12263511
0.84759367
0.19129355
0.35548046
0.7904923
0.17299922
0.28258452
0.2983621
0.7403827
0.12519407
0.12518908
0.070962876
0.05555045
0.051276237
0.06540928
0.7264544
0.7225507
0.80160147
0.89466137
0.9019356
0.40569246
0.33235484
0.9123522
0.92228407
0.9056489
0.16653454
0.09979764
0.10412032
0.07438481
0.093884066
0.7967326
0.79935277
0.11212312
0.0461908
0.03837728
0.04772924
0.0803734
0.07054909
0.10110927
0.11216578
0.88308185
0.90424603
0.06473978
0.06726206
0.15878472
0.25061414
0.82843465
0.04298913
0.036375035
0.039841548
0.047032982
0.051874496
0.078304484
0.8669959
0.89972675
0.92082006
0.9113563
0.9042453
0.90575665
0.90282273
0.9169117
0.92224735
0.9258264
0.9149612
0.8640623
0.04398498
0.027259285
0.025171228
0.029569836
0.027893623
0.027773706
0.03145229
0.02942852
0.024904083
0.03684142
0.8918985
0.88414365
0.80932885
0.78349924
0.041964933
0.044638883
0.047716398
0.056084037
0.06299145
0.05151923
0.048275597
0.05603711
0.046579566
0.044641595
0.047769163
0.053003233
0.063625105
0.05776106
0.06460552
0.06901989
0.08767033
0.07595322
0.07745181
0.09298507
0.11212485
0.12651284
0.12740141
0.12247037
0.632198
0.15970631
0.13351108
0.17334132
0.30543876
0.3839909
0.46657187
0.6737537
0.6671474
0.24623124
0.19512148
0.17776276
0.09448419
0.11387238
0.15199438
0.271001
0.21560092
0.86426866
0.16003335
0.15455629
0.28565085
0.7984333
0.15219617
0.10997399
0.09950975
0.13564564
0.892581
0.8908536
0.80884445
0.8237774
0.86409295
0.8697938
0.8829334
0.88766176
0.8856879
0.8791448
0.8805916
0.88917834
0.8910489
0.882621
0.85416853
0.8495715
0.7987518
0.821012
0.31664437
0.785327
0.21505092
0.1723631
0.2967671
0.71911037
0.22998591
0.17093329
0.2256316
0.69693017
0.34013295
0.35956264
0.3682808
0.25385562
0.22670755
0.19848324
0.14228413
0.13122712
0.13066788
0.2756378
0.8495824
0.901462
0.9040619
0.87632674
0.850281
0.34509787
0.24335125
0.19003503
0.17297713
0.26663348
0.5695381
0.5351908
0.26110733
0.22825894
0.524323
0.5400542
0.24286915
0.2645216
0.31079456
0.27423295
0.29925817
0.31551462
0.87663025
0.93835634
0.88383603
