0.9285845
0.8478073
0.13913447
0.13809964
0.2677351
0.31037527
0.3190321
0.31755155
0.6724015
0.61624175
0.64004666
0.6843506
0.7281015
0.67514396
0.6947528
0.77230227
0.20729244
0.17217067
0.16922157
0.13997471
0.115937755
0.17190155
0.79257387
0.82962686
0.29584298
0.17754985
0.23330739
0.22877134
0.21293221
0.19405222
0.17353643
0.168801
0.24403785
0.24871759
0.18915498
0.69679856
0.25048053
0.31169954
0.43488884
0.7680702
0.6486782
0.37050167
0.39311132
0.36521694
0.7217825
0.8018942
0.42334318
0.2398228
0.24955413
0.30434442
0.27905837
0.21068934
0.19908379
0.29416066
0.70925236
0.51017565
0.5062044
0.48206127
0.73630935
0.69454056
0.34595937
0.2695883
0.19456209
0.18793084
0.2716126
0.6669562
0.63526714
0.6437231
0.69650227
0.7379857
0.69126606
0.21743575
0.12566052
0.14673932
0.21588027
0.33477238
0.637777
0.71342367
0.24277422
0.2961764
0.29763895
0.28674987
0.25680327
0.20836279
0.18335593
0.69172025
0.6941485
0.6833879
0.11064199
0.06428954
0.055828016
0.07220958
0.17430538
0.8548219
0.8133481
0.113892235
0.062650815
0.0618827
0.11227928
0.091676
0.052384928
0.082221955
0.88583577
0.8896789
0.90238655
0.056812674
0.03754837
0.045670014
0.09749951
0.123049036
0.22810443
0.8145778
0.19890127
0.10293814
0.047183394
0.046007805
0.070921205
0.82085127
0.8463637
0.87762314
0.8565054
0.14534152
0.042346098
0.07643745
0.8917449
0.90567636
0.9071705
0.8851965
0.850593
0.07462356
0.05795647
0.15038991
0.8373825
0.048337385
0.02812136
0.026917055
0.041976333
0.11031034
0.9360501
0.92106724
0.069574766
0.03895945
0.036033653
0.0345401
0.031582877
0.03031816
0.030975994
0.035243604
0.042994298
0.044136476
0.040215716
0.041760188
0.12210514
0.8170199
0.8001793
0.80884373
0.80286324
0.798927
0.8004447
0.79225904
0.050977875
0.049420264
0.1059372
0.84231097
0.8615162
0.87755704
0.8711957
0.8799222
0.097094655
0.06214527
0.046360634
0.042426344
0.031458743
0.028549315
0.029719125
0.03789833
0.863033
0.858992
0.8608545
0.13714819
0.16821808
0.18018892
0.18014778
0.16377227
0.125407
0.1227676
0.87478364
0.89940417
0.91251194
0.9049575
0.8486876
0.76350623
0.07353438
0.07859323
0.1299695
0.88199705
0.9202489
0.92324156
0.9192326
0.9005018
0.21831974
0.33534315
0.28681394
0.8399238
0.7893924
0.086164616
0.06447931
0.088234074
0.19307484
0.21106198
0.17253497
0.78625494
0.22452411
0.10128054
0.117452025
0.24833675
0.76753306
0.77394617
0.770055
0.7804696
0.7870844
0.8071678
0.22151446
0.11065323
0.058156177
0.049853727
0.047308132
0.049141306
0.05890201
0.13955869
0.8213116
0.8062592
0.8249581
0.7802118
0.76065934
0.2260234
0.11719724
0.075805925
0.08280846
0.14860977
0.7947855
0.08771922
0.07826312
0.12618762
0.14246617
0.12974882
0.81779295
0.8050217
0.800018
0.80686814
0.81378394
0.8028939
0.7931961
0.7984825
0.105502635
0.08439624
0.079247184
0.08270679
0.17070827
0.853636
0.82833827
0.805482
0.8307484
0.18988186
0.1688999
0.107931726
0.107007794
0.100664124
0.85887766
0.839126
0.8429348
0.87018883
0.86181426
0.86426437
0.88045955
0.17045513
0.088040866
0.07658851
0.06353401
0.065346
0.082506545
0.10392207
0.11421592
0.1061732
0.090286516
0.090400115
0.12680477
0.7063061
0.17081302
0.15494786
0.13810164
0.12747061
0.13025643
0.16166201
0.6262617
0.6536372
0.70202386
0.16613154
0.112330034
0.122929394
0.6962433
0.7229603
0.768447
0.79992324
0.84903854
0.8498387
0.22694384
0.15778513
0.16663243
0.73669696
0.78258115
0.8201002
0.83862925
0.8469902
0.8479547
0.8440471
0.8402427
0.83777255
0.8434695
0.8559792
0.8504222
0.8375119
0.8352259
0.83911806
0.8453008
0.85464853
0.81758463
0.13116176
0.07437231
0.108109094
0.17916228
0.23534523
0.28787407
0.7780665
0.7403026
0.73547894
0.77346355
0.8419331
0.8481221
0.17118557
0.05378695
0.03304572
0.027180433
0.024113283
0.021892935
0.02126411
0.025308227
0.027438095
0.030900506
0.03290175
0.15825678
0.9636918
0.9689266
0.96898335
0.9617368
0.08483668
0.034102537
0.025364123
0.02495478
0.029078592
0.036199592
0.05867689
0.09877573
0.13100246
0.13618667
0.18389407
0.21254005
0.8782704
0.90952826
0.8819928
0.86070514
0.8826141
0.84986794
0.37257835
0.3097345
0.25926983
0.19812772
0.18127526
0.18541576
0.24348505
0.29452923
0.3205013
0.57619
0.20347929
0.19125465
0.23442206
0.25946337
0.24972388
0.21464455
0.20096058
0.2326678
0.6223352
0.64588267
0.49519926
0.61664647
0.6023202
0.3588202
0.20317829
0.14759819
0.6474526
0.14696144
0.12798476
0.13097136
0.14856724
0.21282741
0.31178197
0.36634305
0.93918335
0.9362273
0.90960515
0.84315073
0.7533169
0.23066506
0.36408108
0.5173257
0.8001359
0.8325804
0.80363905
0.7986997
0.797286
0.7924695
0.39289665
0.30644652
0.3963668
0.23709846
0.12597139
0.120580554
0.114200935
0.12827484
0.35874084
0.8573788
0.45667797
0.8562696
0.89503634
0.89449286
0.8882575
0.87761295
0.86322975
0.84971756
0.832843
0.79510695
0.747569
0.17116058
0.6668741
0.09629844
0.06376465
0.06376588
0.085075215
0.1447132
0.19950348
0.91802543
0.8898905
0.9073512
0.9388809
0.9400549
0.9161034
0.8838438
0.052668124
0.046576984
0.053612534
0.0634595
0.062433396
0.87963766
0.1004159
0.05435719
0.058047324
0.06278657
0.064953536
0.068282194
0.06441984
0.09088954
0.32827353
0.88234574
0.898198
0.86996114
0.8528931
0.86562955
0.14226627
0.10705788
0.100951046
0.11663518
0.12736118
0.11538054
0.09812116
0.063517444
0.0534789
0.055077467
0.082844004
0.14810382
0.16905922
0.1078487
0.8969091
0.89988565
0.8959547
0.88553226
0.88084275
0.88904697
0.9277505
0.9427699
0.9273723
0.10557124
0.034027617
0.030863963
0.036258835
0.04728525
0.051374596
0.05556967
0.06003023
0.05395635
0.11174472
0.8676071
0.84409475
0.89687276
0.09780932
0.03982762
0.039658967
0.04458302
0.06019393
0.043668382
0.032511145
0.03349766
0.046555005
0.091094375
0.9409851
0.9527056
0.9517234
0.9433816
0.9494894
0.9444362
0.90166724
0.040475965
0.026880475
0.02508927
0.03234668
0.059710223
0.06816307
0.086322755
0.10538028
0.7162538
0.17355345
0.8103957
0.6674014
0.9062879
0.9021341
0.13365927
0.050862264
0.03843942
0.03798351
0.034543704
0.035965603
0.036842924
0.028811466
0.028563946
0.14995332
0.9486616
0.94592154
0.9284234
0.06682407
0.026988138
0.017401116
0.016691169
0.018740961
0.0242808
0.03685545
0.06396405
0.110438034
0.17576188
0.88203984
0.84362304
0.24593931
0.79560834
0.33497185
0.8847333
0.29158127
0.26269034
0.1955893
0.096144825
0.067199476
0.07368407
0.09847067
0.26914102
0.9263572
0.103869274
0.03285087
0.03266969
0.027198756
0.024335641
0.029500807
0.033529554
0.063314945
0.12765898
0.31012067
0.9540706
0.9526471
0.06764283
0.03978467
0.026692076
0.022993492
0.01881053
0.017315505
0.017666528
0.054132964
0.9268004
0.9279351
0.944139
0.9592213
0.9527476
0.944066
0.07251321
0.033386026
0.026908163
0.023677876
0.026038963
0.026644645
0.03794389
0.08111734
0.90254736
0.89368033
0.21706082
0.21813308
0.84029275
0.12016082
0.062191006
0.055115208
0.055427544
0.061404333
0.08142847
0.08507504
0.13596773
0.82857186
0.84944403
0.91079515
0.90689427
0.094997734
0.05049894
0.046032008
0.04452578
0.044000726
0.035710484
0.030116402
0.026792385
0.02439606
0.025984162
0.030808577
0.028273597
0.029842783
0.036783777
0.09826437
0.31010562
0.9393536
0.9485265
0.9531676
0.965919
0.96290654
0.091354765
0.02990996
0.019683694
0.020971213
0.022020644
0.028303312
0.03622889
0.035354603
0.048566
0.07033243
0.9055126
0.89293194
0.88648516
0.09118615
0.054793555
0.04836333
0.051131967
0.054546185
0.08404836
0.1608696
0.281571
0.23883444
0.8838274
0.21146367
0.07672728
0.08648003
0.06291449
0.04767528
0.054430842
0.13768928
0.92702115
0.87725407
0.05686321
0.046471085
0.039543804
0.03177799
0.031583697
0.03139225
0.030425081
0.03453234
0.034747757
0.045156617
0.8305939
0.12220587
0.07161614
0.13027142
0.20623417
0.44679114
0.94551426
0.9468876
0.9208205
0.3056499
0.10332944
0.04568543
0.034206543
0.05170559
0.8194186
0.06791332
0.066426106
0.054162458
0.050271586
0.0615186
0.055429593
0.845187
0.84457153
0.85153383
0.078102395
0.08518989
0.08528444
0.079503156
0.09536786
0.09703445
0.073268436
0.08174178
0.065318316
0.056619145
0.06803709
0.83489436
0.13525355
0.24795927
0.2962502
0.88510627
0.8430645
0.82661
0.83595675
0.8637654
0.85512465
0.88868344
0.8863924
0.9289445
0.9322271
0.88297606
0.10620857
0.08202778
0.914049
0.04445486
0.029867293
0.025709817
0.02613988
0.02838996
0.031014442
0.0535305
0.039780285
0.04573021
0.8477613
0.82940423
0.05492898
0.050787088
0.0323273
0.03285478
0.037654154
0.06119358
0.8597065
0.8851911
0.93199736
0.937994
0.097189344
0.03024125
0.029034264
0.13525039
0.93454266
0.95398027
0.96895146
0.96257186
0.06248307
0.023947783
0.032038845
0.12449935
0.9269611
0.9056935
0.07886454
0.08446144
0.08700218
0.07101216
0.071703665
0.10838026
0.91064453
0.877887
0.07905158
0.07619629
0.0666095
0.07530507
0.13084447
0.1471134
0.071637966
0.06623787
0.09686979
0.7482703
0.12290492
0.16866523
0.20990832
0.14709234
0.21172553
0.8746357
0.27434292
0.38880864
0.8485336
0.76781416
0.77451694
0.3435968
0.15882555
0.104470305
0.099426225
0.1359095
0.5827614
0.54703087
0.51628304
0.5098997
0.26838106
0.23423956
0.26966766
0.56087506
0.92656356
0.91539824
