0.08567677
0.049744565
0.04782751
0.056415714
0.06020744
0.083927885
0.2555243
0.88990855
0.9215702
0.92115444
0.8976416
0.07587879
0.05080378
0.06279639
0.10323342
0.75844264
0.68831676
0.722313
0.25175446
0.12577416
0.13110198
0.16947192
0.15608741
0.12288845
0.10022463
0.0845681
0.075071245
0.09415028
0.14883646
0.83347785
0.8781557
0.3140068
0.21049507
0.14825179
0.105956025
0.7768794
0.20846239
0.17423409
0.807511
0.1895528
0.11691623
0.086355045
0.047165208
0.03531478
0.03216248
0.034561615
0.052503325
0.09718385
0.8779271
0.9195692
0.91208637
0.11158189
0.10958427
0.89674294
0.9187035
0.92616224
0.8870768
0.8198677
0.7568273
0.07903058
0.05263864
0.6281694
0.043769773
0.03863277
0.04111626
0.09056802
0.9303001
0.9311754
0.06858929
0.05030605
0.056405004
0.083602406
0.105161354
0.84403014
0.1361049
0.108518854
0.101902
0.13782685
0.16788349
0.2745655
0.57058686
0.44808403
0.28083646
0.22435327
0.12567073
0.089260384
0.83225083
0.90991163
0.9217822
0.9301506
0.13095774
0.11808311
0.100415975
0.080591075
0.0938891
0.15793774
0.8297475
0.15278603
0.11364137
0.11916515
0.80493796
0.8923971
0.901975
0.8902332
0.2659794
0.31719634
0.30148402
0.8195689
0.8096748
0.8212828
0.84713185
0.80601823
0.7881135
0.64820904
0.6598477
0.76247936
0.7060867
0.13418241
0.09685134
0.0838618
0.08869156
0.11645751
0.15695398
0.6961555
0.73531866
0.64839566
0.6068871
0.58015287
0.22313826
0.1818132
0.1763195
0.6212035
0.1337486
0.11281182
0.11247803
0.12449936
0.13576727
0.0981278
0.07249534
0.058571048
0.048511956
0.03985595
0.034388192
0.032344002
0.03556849
0.084361866
0.8430189
0.81717646
0.83034676
0.87697136
0.13718748
0.09685258
0.11747342
0.6862274
0.7070408
0.74073875
0.22188917
0.110167764
0.11680746
0.80293554
0.8576709
0.899278
0.89241177
0.82068455
0.7307274
0.07038695
0.06356727
0.13669945
0.8955943
0.90570784
0.9235831
0.21546212
0.08477459
0.06670228
0.06623446
0.051447254
0.05358448
0.78600127
0.7747841
0.87813014
0.9203214
0.9177611
0.061788715
0.032829892
0.03415016
0.043668196
0.053614657
0.04962038
0.048477147
0.048683453
0.052216183
0.0597834
0.08542966
0.08934383
0.82084876
0.7708474
0.7320358
0.06970437
0.08242523
0.85249025
0.8194604
0.12777932
0.22318481
0.2291693
0.8319998
0.8470085
0.8797844
0.91788423
0.90593505
0.8446956
0.19012444
0.13058127
0.0996018
0.72411954
0.094677374
0.12565659
0.84141624
0.7935026
0.8073232
0.07758541
0.07148054
0.06555448
0.041082796
0.04027008
0.7879443
0.78325164
0.8951
0.9106068
0.17834894
0.13511132
0.8064017
0.8257773
0.045979615
0.04690412
0.051064543
0.051995218
0.8814339
0.9055498
0.9479101
0.9365368
0.08410881
0.06357359
0.08665669
0.11143092
0.8704571
0.8269616
0.19767338
0.1502419
0.826379
0.89653766
0.8943337
0.09485944
0.06300378
0.057834752
0.06173139
0.07085223
0.09297481
0.20612186
0.8199797
0.29250592
0.23314957
0.24535754
0.17343472
0.18342339
0.5497381
0.35835844
0.5217179
0.59739
0.7931486
0.6475161
0.41648737
0.39962402
0.29667908
0.27750564
0.291055
0.2328439
0.55179274
0.07980586
0.06513704
0.072952814
0.08433621
0.16652614
0.8060817
0.8521392
0.8243885
0.75686765
0.69510293
0.65682226
0.6264827
0.12300754
0.094261706
0.09343173
0.10809578
0.14272825
0.2508099
0.39996728
0.41634756
0.83151263
0.4030269
0.32089925
0.15169634
0.10133891
0.08789004
0.09040769
0.12281339
0.21102937
0.91042733
0.9134167
0.94521743
0.9448881
0.8864591
0.037432004
0.032176066
0.032280404
0.03740786
0.056447096
0.1257163
0.2537954
0.88518435
0.80865806
0.86726636
0.7866176
0.22030234
0.15760855
0.1315653
0.6723959
0.6918186
0.819832
0.13684663
0.11775837
0.79113466
0.8763561
0.13176072
0.10080998
0.09413009
0.104193605
0.7856892
0.76730955
0.7876154
0.8524075
0.27425805
0.295585
0.27663228
0.18956344
0.6728705
0.6416355
0.13650477
0.20660792
0.9109782
0.92404205
0.90013534
0.37125826
0.30502245
0.33054498
0.8516017
0.877767
0.9123984
0.9162532
0.9192117
0.89985484
0.38241065
0.22745368
0.129452
0.13437194
0.19255781
0.17722908
0.14664422
0.7629558
0.78464204
0.08447142
0.0582882
0.057068776
0.049217533
0.04022269
0.036638744
0.05854175
0.92946297
0.8803088
0.03790244
0.02487644
0.02640922
0.029970672
0.025857942
0.025693158
0.040601365
0.90712565
0.9130758
0.93213594
0.9564571
0.9558885
0.928449
0.8858125
0.8686155
0.0620208
0.045853578
0.03295208
0.03124633
0.029078929
0.031390566
0.054844785
0.7433127
0.7705558
0.8581028
0.8394575
0.6984758
0.18887757
0.17317057
0.15851498
0.19688866
0.31103912
0.31277746
0.28573874
0.5108937
0.17020723
0.17634805
0.30561638
0.74544096
0.14939027
0.27838627
0.59669596
0.91295725
0.1154798
0.06404956
0.05687203
0.08088458
0.9104831
0.121635616
0.12894268
0.07957763
0.06332953
0.14963883
0.87421983
0.8542871
0.8551143
0.9053122
0.13009885
0.0648214
0.051079106
0.06618832
0.086530946
0.64650214
0.662661
0.10543498
0.12621434
0.19290319
0.41832015
0.8591988
0.36253053
0.36385337
0.27982336
0.653769
