0.7895798
0.23276795
0.16885917
0.16415398
0.1912584
0.31523743
0.8474449
0.8596724
0.8056955
0.767712
0.6416758
0.5754304
0.52154344
0.53166515
0.5457525
0.6135548
0.7608444
0.797463
0.72148997
0.13857234
0.08046108
0.08260887
0.12304503
0.8194857
0.9026858
0.91430557
0.8930823
0.09553073
0.060162973
0.066813454
0.12297882
0.6861409
0.7341698
0.25151992
0.6107555
0.17220512
0.24460074
0.20653135
0.20524193
0.22522163
0.34781376
0.617184
0.19937794
0.16503832
0.14690916
0.14204296
0.16585156
0.6022129
0.21012974
0.14626278
0.12619017
0.12509489
0.18839663
0.73158926
0.80586785
0.77527845
0.80236477
0.83429354
0.792381
0.6694666
0.6011318
0.15087342
0.10218876
0.13631222
0.20071876
0.35558444
0.19302003
0.13492344
0.13094881
0.13627708
0.17327724
0.68882775
0.7376119
0.8340687
0.5502758
0.2953698
0.1651064
0.13030373
0.17837021
0.10439276
0.21051668
0.26894048
0.26894048
0.26894048
0.26894048
0.20616892
0.14638163
0.116472706
0.107098535
0.14326471
0.71664184
0.76331615
0.6511801
0.698181
0.78953874
0.7674047
0.27013186
0.22512402
0.6204543
0.66787314
0.08182392
0.06215035
0.06521159
0.048016574
0.033445265
0.02986889
0.034674305
0.10172009
0.95280886
0.96933895
0.96892226
0.96256214
0.95092386
0.035989385
0.022951186
0.023580275
0.02809786
0.034610607
0.04079
0.043893456
0.04082238
0.038251694
0.03759917
0.044371936
0.062122237
0.069745444
0.070197955
0.044132292
0.042655956
0.078564845
0.8006177
0.83135533
0.14688264
0.12879016
0.136471
0.14128008
0.1975663
0.8214412
0.77968657
0.7886209
0.66596276
0.71515983
0.8398177
0.829176
0.6572977
0.17786951
0.1412621
0.14510182
0.44084516
0.19237077
0.5409336
0.19988778
0.36227238
0.84804875
0.838014
0.23653278
0.18192077
0.16058111
0.14699757
0.16305183
0.51673126
0.19382295
0.19360006
0.21770692
0.28954604
0.24740824
0.25014427
0.30863687
0.24134529
0.60284764
0.16284016
0.12377974
0.10798204
0.10728238
0.13338962
0.19637752
0.3076467
0.2833331
0.21198013
0.16445336
0.08992537
0.065279245
0.06859886
0.087149255
0.105126105
0.7585405
0.11526426
0.1134023
0.080762155
0.10593655
0.86803365
0.8564447
0.7417374
0.6068631
0.118648514
0.11328938
0.14596753
0.749854
0.12149256
0.065464
0.04427752
0.055580158
0.81220436
0.89072347
0.8919893
0.8102801
0.12163014
0.1269799
0.07170027
0.7370932
0.7332239
0.04366408
0.03078784
0.040897675
0.79413074
0.87715894
0.9237623
0.31733882
0.19525392
0.09092787
0.06438203
0.72505814
0.03049609
0.019934576
0.027711965
0.8874872
0.9316836
0.94852436
0.90479356
0.0529842
0.030369045
0.036808826
0.727171
0.040926244
0.034044437
0.05277585
0.14627224
0.92641294
0.91563475
0.9269735
0.9026367
0.14300786
0.08655622
0.07179013
0.7810189
0.76137096
0.0554937
0.046187602
0.04552293
0.05561944
0.079085015
0.14992028
0.28787175
0.9070918
0.14704022
0.11908104
0.078594595
0.7527501
0.7022677
0.65217626
0.64233917
0.057326358
0.061309014
0.080318235
0.1541933
0.9510096
0.9445452
0.10354602
0.055752315
0.039237257
0.03538947
0.033804618
0.04103955
0.052639797
0.13047062
0.8978148
0.8552672
0.16937803
0.09869129
0.118441
0.81794703
0.07559159
0.051351156
0.05807198
0.121127516
0.83825994
0.8424844
0.8100078
0.18360919
0.14882778
0.13010046
0.16439617
0.2260356
0.55444413
0.1617763
0.13138427
0.13739185
0.17857225
0.19797224
0.25617668
0.36731583
0.44131908
0.8508233
0.8308366
0.5288604
0.35973144
0.5899212
0.40685573
0.68524104
0.3620632
0.3653371
0.23834744
0.5651552
0.49137822
0.5270112
0.72791743
0.16448176
0.13666071
0.16261372
0.7962825
0.90515995
0.92147934
0.17459124
0.07875841
0.05851197
0.046265677
0.041432936
0.04046569
0.03862427
0.038224604
0.0401426
0.05956804
0.9294802
0.04434146
0.02800114
0.042950552
0.8605383
0.83428127
0.8419932
0.9034716
0.9421094
0.93789554
0.8683818
0.83271843
0.047085483
0.04725299
0.105589285
0.90232044
0.89778197
0.17852452
0.14528586
0.15140523
0.10397787
0.07955324
0.07653862
0.10448535
0.19519657
0.36873865
0.44264966
0.81884766
0.88687253
0.84092087
0.44508922
0.43754956
0.30844957
0.5006737
0.26690394
0.22133474
0.22800815
0.2271397
0.23301673
0.4616949
0.54125243
0.75303936
0.7677004
0.5848622
0.19550098
0.16180934
0.1245993
0.11080795
0.116987064
0.15120079
0.1560902
0.15944625
0.16512343
0.1685583
0.14533168
0.5793771
0.31484455
0.46759227
0.11349209
0.21019746
0.8065136
0.25953364
0.14243753
0.097142704
0.096810475
0.13328381
0.8650412
0.7182214
0.07036097
0.053372785
0.0810553
0.8354346
0.9046502
0.90966284
0.06590705
0.028761726
0.022098009
0.02661482
0.907558
0.9580193
0.9601355
0.94557106
0.07089006
0.0456028
0.04519504
0.07111503
0.71386796
0.5816612
0.56087303
0.61673397
0.22816586
0.23226613
0.32045096
0.89439744
0.9126204
0.86638516
0.38161
0.34541416
0.26050028
0.24074449
0.3365552
0.65964603
0.6091569
0.57373434
0.5119665
0.86116105
0.8964853
0.84380525
0.21520114
0.121857986
0.09004504
0.10286322
0.18495525
0.7572849
0.7445444
0.75771636
0.69968027
0.7493059
0.7637016
0.732485
