0.24125114
0.20495088
0.10743794
0.06901933
0.05621729
0.055690814
0.08048178
0.13955617
0.72501165
0.62324154
0.7084256
0.8717264
0.9021546
0.88688004
0.8189094
0.7873703
0.16141908
0.14835647
0.090713225
0.10438483
0.8618297
0.102313265
0.73832554
0.09901552
0.1481518
0.13874808
0.101223014
0.18394987
0.8868511
0.81986994
0.78329885
0.7979427
0.81602407
0.19684598
0.1259783
0.08761229
0.08025871
0.1067844
0.90827733
0.09051022
0.06364053
0.03769694
0.034582082
0.043406516
0.8333332
0.83842915
0.8838841
0.89884627
0.8958762
0.91937184
0.9193094
0.9183497
0.9105793
0.8749075
0.073855735
0.049470004
0.04367555
0.05136172
0.08216878
0.11928821
0.11656211
0.10588611
0.7094947
0.75631136
0.0703546
0.0850834
0.15287207
0.33663872
0.9387877
0.93862396
0.21850604
0.06390587
0.052882574
0.053287964
0.061943322
0.044712264
0.03917202
0.061354198
0.8253224
0.100049146
0.092855655
0.04465801
0.04881691
0.78117245
0.14022774
0.9086667
0.91775155
0.23838335
0.06915862
0.07027594
0.8915079
0.9238621
0.92184985
0.93517244
0.91716874
0.9254804
0.0544455
0.027511274
0.02301204
0.02263699
0.025597429
0.033598244
0.05144792
0.091235414
0.8804221
0.13215299
0.12841164
0.8443926
0.83239585
0.876483
0.17667833
0.16869423
0.20729876
0.70426834
0.07849418
0.07359182
0.15258184
0.9001907
0.88896763
0.10329981
0.05363366
0.045681648
0.064389266
0.8432323
0.74423766
0.6921109
0.74655545
0.85713446
0.20586343
0.35801157
0.39117342
0.8938258
0.8783873
0.10191077
0.08781194
0.075409986
0.075599015
0.08048267
0.09158024
0.14715038
0.27001396
0.8370282
0.80034494
0.63184947
0.641433
0.78120697
0.7714416
0.642729
0.18094914
0.09883513
0.11694343
0.6260102
0.7251502
0.8388936
0.87674016
0.8760208
0.86788964
0.31603873
0.24615489
0.30521125
0.14273758
0.13125154
0.13292809
0.16281031
0.6933117
0.73983765
0.830153
0.8192315
0.34448707
0.6947318
0.72174484
0.755611
0.6854149
0.35331005
0.6614498
0.7621785
0.7913913
0.8351449
0.8039982
0.17972976
0.13741627
0.14326377
0.17186901
0.12856749
0.15638126
0.14002211
0.14342931
0.15300947
0.12167849
0.16894443
0.882613
0.8811261
0.8612953
0.8597195
0.10060647
0.042262178
0.039132304
0.03909413
0.04259398
0.049930196
0.096354075
0.66873056
0.6834125
0.7637463
0.27386367
0.40310383
0.44313923
0.85936666
0.45453706
0.25547993
0.20754166
0.18086262
0.16534092
0.16077922
0.16304249
0.18043019
0.24870832
0.22346364
0.13317065
0.10999687
0.14608426
0.76947725
0.6956056
0.20020132
0.14056782
0.19684756
0.26267615
0.36048874
0.7851367
0.7195382
0.7506369
0.82776135
0.8292387
0.41796353
0.39326188
0.35981768
0.26602486
0.29629433
0.7569944
0.7769971
0.094474964
0.07726887
0.09272115
0.109482296
0.10804158
0.088741586
0.07621486
0.06156345
0.06911762
0.8593559
0.9053309
0.9000067
0.11823105
0.06407305
0.08017924
0.8851115
0.93360895
0.9361582
0.91053385
0.16431242
0.12852469
0.09998059
0.84215724
0.8469432
0.8052484
0.20382342
0.29219154
0.8804871
0.87131774
0.18582903
0.0928316
0.0747271
0.07853893
0.06994683
0.07717728
0.15042716
0.772636
0.32770696
0.1513405
0.123085
0.11146803
0.092197716
0.075372
0.059324596
0.049793724
0.05985163
0.73292744
0.71660656
0.7165325
0.087091595
0.037751343
0.032718193
0.04347206
0.060131654
0.12537004
0.914464
0.9109771
0.07740712
0.046773955
0.070586756
0.16967957
0.8992154
0.27917928
0.094292894
0.08107539
0.7433777
0.78554994
0.86402303
0.8276438
0.04523332
0.032216113
0.030303001
0.05030265
0.12793007
0.8969274
0.17098834
0.29182386
0.8838592
0.9003639
0.93927693
0.93073916
0.2559617
0.128999
0.849611
0.90476435
0.15161364
0.0487261
0.03372511
0.037635576
0.041909657
0.8552837
0.82858557
0.9028275
0.9198657
0.120499186
0.11620604
0.22441824
0.93645996
0.16077031
0.03975094
0.02698289
0.025685133
0.025557118
0.030223873
0.047923483
0.04926915
0.07953476
0.23903024
0.93814737
0.91355336
0.77448964
0.100858904
0.07332948
0.08503016
0.045911964
0.056942616
0.057386838
0.072198465
0.12874712
0.2660941
0.93252426
0.93236756
0.894843
0.9063949
0.9237954
0.913593
0.9229607
0.11565155
0.04730836
0.03763226
0.036457304
0.042447116
0.05920724
0.64615417
0.66717863
0.36579585
0.26841742
0.16249488
0.13914093
0.7829372
0.82665396
0.7064597
0.69279706
0.77518624
0.88110214
0.89821273
0.8813833
0.82265836
0.7433859
0.10664693
0.08420336
0.09997063
0.23334563
0.14541924
0.08821296
0.06446808
0.05485006
0.05405399
0.07511332
0.23841739
0.9250143
0.9207936
0.86821085
0.8402793
0.8318007
0.8096135
0.7701544
0.7784869
0.109258
0.060021993
0.049565546
0.05647587
0.09474857
0.7393829
0.33765307
0.21343954
0.7594225
0.8877764
0.8819117
0.38452038
0.19923958
0.12210359
0.110393345
0.19205312
0.43738878
0.82031244
0.7958671
0.3980494
0.38040492
0.6865229
0.49664837
0.39129853
0.29827294
0.22574224
0.19866231
0.21899745
0.3067383
0.67122376
0.31243256
0.27052024
0.2517158
0.26475075
0.2792306
0.35629869
0.4235461
0.52613884
0.5234281
0.45830122
0.48369902
0.46651292
0.37796488
0.39130366
0.34974587
0.6919408
0.27037802
0.22991288
0.23691876
0.5732859
