0.92043346
0.88817567
0.7471925
0.60855806
0.56269467
0.55644304
0.5865762
0.37360314
0.3587389
0.277203
0.28380513
0.31835952
0.33343458
0.8329271
0.8154266
0.70651764
0.661923
0.69322467
0.69597113
0.15304263
0.09376922
0.090430886
0.07801321
0.073959135
0.072710566
0.06753138
0.05971895
0.053545084
0.05064577
0.047342625
0.04550537
0.045420088
0.045338426
0.043849587
0.040186513
0.036366142
0.031532235
0.025549436
0.025773276
0.07726442
0.90998083
0.9287046
0.93264157
0.9195748
0.8530991
0.81186056
0.066060275
0.04045248
0.056517754
0.7748877
0.155878
0.81898963
0.1844103
0.066384815
0.04778649
0.042630047
0.05843608
0.75377035
0.05376195
0.036431234
0.033580754
0.032577634
0.03173576
0.031241104
0.030483818
0.027919909
0.028442206
0.030934414
0.044211354
0.17015052
0.7351821
0.7556984
0.14097044
0.06218391
0.061186682
0.06276396
0.05926858
0.061249353
0.06161726
0.07599269
0.76154226
0.77759206
0.8902469
0.9201627
0.10088829
0.051535428
0.046982013
0.05448081
0.059148367
0.044193845
0.02750065
0.019288795
0.017679691
0.059445612
0.92393184
0.9371605
0.9465162
0.95012426
0.91373557
0.9011551
0.045525573
0.023542969
0.02172395
0.02614965
0.03195708
0.039575078
0.045805663
0.0628267
0.79327524
0.12575816
0.149307
0.71567154
0.7671733
0.86666596
0.90396774
0.46726653
0.3005408
0.26086634
0.22918063
0.10723686
0.16057114
0.13471703
0.13243276
0.1292847
0.12030002
0.10675996
0.08992279
0.06621919
0.060195893
0.0625401
0.06510329
0.07672518
0.19649078
0.92978
0.9498848
0.95019084
0.9441485
0.9424031
0.20513342
0.13076553
0.12749155
0.10645209
0.108821556
0.07997975
0.086679116
0.07311786
0.16471411
0.19327025
0.686518
0.70697653
0.8169801
0.23630469
0.16582008
0.24911506
0.8240652
0.11027141
0.0688761
0.06881756
0.07646507
0.09508515
0.10468536
0.0813988
0.059540257
0.055312596
0.08725144
0.85485786
0.86900085
0.9096255
0.9180074
0.9117765
0.9117861
0.89677584
0.9037004
0.88399166
0.8628638
0.08590667
0.045802012
0.03789659
0.046679053
0.04881914
0.051480245
0.077060185
0.8995527
0.9220396
0.91089106
0.22877322
0.12069163
0.073791176
0.060433533
0.052530985
0.051656377
0.04674644
0.04169732
0.03916555
0.034891225
0.03371235
0.03814061
0.0477716
0.86888665
0.85315865
0.8599385
0.8785195
0.88565695
0.0530222
0.041248456
0.037472226
0.039883386
0.04949797
0.06432034
0.0726913
0.08279283
0.09071976
0.09413453
0.09067987
0.08108453
0.09195258
0.0787408
0.13301037
0.14164066
0.18704611
0.28694353
0.8021569
0.8126888
0.8783261
0.11912459
0.078429915
0.0714442
0.05369283
0.044993367
0.046553694
0.048736423
0.0809686
0.11533228
0.56153744
0.9294936
0.9318333
0.09459674
0.048722014
0.06781857
0.06664127
0.07652056
0.10959874
0.13095337
0.14898254
0.92175716
0.04342233
0.03375241
0.03873466
0.07000809
0.08472799
0.1654507
0.7237125
0.102604985
0.081844956
0.64299583
0.6829031
0.6704661
0.08154965
0.05156227
0.06721118
0.19603309
0.8165304
0.79811335
0.16588658
0.077773765
0.10808922
0.88870054
0.14186527
0.07201536
0.05242191
0.07782129
0.076569356
0.07710982
0.8468496
0.040279552
0.030896114
0.035603248
0.9216327
0.045360517
0.03165567
0.021832423
0.038648095
0.9150301
0.93876237
0.9654868
0.9691992
0.96061885
0.93265086
0.065727375
0.032835282
0.0360364
0.0605404
0.81806
0.08634407
0.11549988
0.1481618
0.87495434
0.88157237
0.12719756
0.06648667
0.05568659
0.053640265
0.08760268
0.13267124
0.8569141
0.11186062
0.08465519
0.13780558
0.89283955
0.884352
0.81817394
0.8369418
0.87820286
0.8058314
0.055859514
0.034034427
0.04348006
0.9045199
0.9504357
0.9509828
0.9275266
0.10936922
0.099763356
0.2221319
0.8230978
0.80829483
0.10389125
0.049314585
0.045049705
0.08188171
0.9240905
0.9041811
0.81745356
0.09496533
0.09773755
0.0903748
0.087939635
0.10632664
0.12769897
0.1619711
0.21236588
0.71747434
0.30656904
0.2761965
0.28960904
0.3454408
0.35364708
0.2916872
0.23835751
0.25540298
0.549781
0.5545385
0.6611001
0.403986
0.3195626
0.3213816
0.41526204
0.4798775
0.46246186
0.3641088
0.36895567
0.41917822
0.44051102
0.3077471
0.2011444
0.1603794
0.14552258
0.20644855
0.15724534
0.120639496
0.19794771
0.87416047
0.8910072
0.87333244
0.86096317
0.10924356
0.09366731
0.1488766
0.1655302
0.18003693
0.8303143
0.79154384
0.8499947
0.82873476
0.84538645
0.7468857
0.74237865
0.1557549
0.75764424
0.049631838
0.03921347
0.04725475
0.06237146
0.05790028
0.07949298
0.8142443
0.25969008
0.291599
0.4933548
0.85349256
0.81176615
0.7802556
0.8455628
0.43098226
0.36874786
0.32138345
0.2706042
0.19978365
0.20766425
0.24096984
0.17216606
0.11233638
0.094278276
0.105800994
0.15886696
0.21615282
0.189168
0.21152084
0.24858218
0.32668287
0.23082691
0.8121193
0.89400613
0.069591664
0.043427333
0.035277545
0.035852343
0.0422268
0.03632235
0.03958643
0.10140181
0.8816031
0.077219084
0.07160559
0.112396546
0.3419021
0.89955294
0.9094201
0.9167699
0.9141093
0.90313834
0.11659362
0.0637987
0.060479477
0.05029011
0.053004373
0.05666552
0.067032844
0.0903861
0.098340884
0.08803018
0.09440939
0.111493625
0.7434061
0.73814714
0.17580543
0.20855461
0.7870464
0.9045759
0.91186184
