0.8505002
0.7110551
0.55861163
0.22888641
0.1724235
0.14237104
0.10882563
0.102182634
0.11416707
0.14809369
0.27004933
0.6315253
0.6811727
0.83030236
0.86238885
0.8376309
0.27943963
0.2377316
0.3422775
0.50594217
0.5265775
0.84088624
0.7389282
0.09098206
0.08420945
0.11621094
0.21988791
0.86006147
0.8773052
0.46517757
0.47993296
0.8871721
0.30229044
0.095403
0.053730242
0.06518244
0.84132844
0.91524076
0.18695985
0.06809902
0.05363429
0.051510304
0.039371878
0.033821613
0.04827315
0.8670979
0.8809969
0.87986785
0.8642438
0.8371972
0.060438447
0.0352995
0.03463686
0.039219
0.039398815
0.044884305
0.11594139
0.8668675
0.06101448
0.05313803
0.08096848
0.14473866
0.17041312
0.8581792
0.8915819
0.14488764
0.05539751
0.03894588
0.035323642
0.05034403
0.85646796
0.881241
0.22034034
0.03480941
0.021972101
0.018228482
0.039239243
0.9410069
0.954247
0.95442075
0.92836136
0.041800007
0.018396877
0.016684156
0.024069715
0.061080188
0.8512485
0.055611964
0.029568246
0.025144938
0.027490143
0.045227442
0.8367563
0.85464656
0.8756588
0.101976685
0.05555911
0.034959927
0.025904536
0.02968959
0.6910207
0.70304734
0.756217
0.7814174
0.023028336
0.017115043
0.017581677
0.01629523
0.019120285
0.031722914
0.94256693
0.026636936
0.018456468
0.015825193
0.019099494
0.0756596
0.95056456
0.9417411
0.92347044
0.910872
0.9062348
0.046585284
0.035428934
0.025711475
0.023966778
0.027530724
0.040881347
0.05767584
0.041149754
0.033612523
0.030453661
0.04582515
0.83054006
0.12863028
0.0662426
0.07149987
0.15065129
0.8768811
0.18959889
0.1644434
0.09125094
0.07933036
0.091794185
0.15030618
0.73559546
0.74893564
0.7291744
0.6413826
0.6138319
0.15123887
0.10382351
0.09956072
0.11528118
0.12290535
0.18975197
0.18444012
0.16338113
0.6980231
0.8072949
0.89515287
0.91283244
0.90399605
0.878827
0.8527055
0.7359071
0.09831747
0.1032754
0.16263004
0.81520754
0.9054033
0.92326593
0.039649874
0.04528679
0.061254963
0.043904256
0.03578004
0.031538896
0.028790545
0.03412839
0.66769767
0.03537861
0.049186766
0.81511617
0.8797761
0.07331625
0.051772494
0.06925752
0.06224981
0.8735059
0.937833
0.9518236
0.052236978
0.021661766
0.018458655
0.019076223
0.015613366
0.015153327
0.05277327
0.96427387
0.97987914
0.98054874
0.9722667
0.03918722
0.01836801
0.014657765
0.016720822
0.020132592
0.029861683
0.062058784
0.8556126
0.82104295
0.8243387
0.7441365
0.0883703
0.071512066
0.0679626
0.08194299
0.6760795
0.71177506
0.80268043
0.1612231
0.13008806
0.0313457
0.03539276
0.04139045
0.040305752
0.03434606
0.03416107
0.034950286
0.03616171
0.029085197
0.041264635
0.9097765
0.8850269
0.21213521
0.95290875
0.9618286
0.9530356
0.9201535
0.85959965
0.13712515
0.90934956
0.8930623
0.040102325
0.026927847
0.026033087
0.027166037
0.033158444
0.044643853
0.057774883
0.050361976
0.048674807
0.05466427
0.05859864
0.068703644
0.10185261
0.18043879
0.30120584
0.31920654
0.28484714
0.14323369
0.085319154
0.13232075
0.17425883
0.6071841
0.30148286
0.4280611
0.42642885
0.39699942
0.74534166
0.8029626
0.7259412
0.8031367
0.8863109
0.88737893
0.84542346
0.81676114
0.10214938
0.12471303
0.101327986
0.07503443
0.079856895
0.15108776
0.8079857
0.15263253
0.25509515
0.8741375
0.8202476
0.79599816
0.30773956
0.2092905
0.7275353
0.12578149
0.08296029
0.07971447
0.098295294
0.11043418
0.114530034
0.77416444
0.7776002
0.76399785
0.7632603
0.75603163
0.78519785
0.8631672
0.8345211
0.77894557
0.16112229
0.12342004
0.10915013
0.08307501
0.07069718
0.074219935
0.115581796
0.24096572
0.2909442
0.22593033
0.84227276
0.8897698
0.88848746
0.8897731
0.8476563
0.06975695
0.042449635
0.036346648
0.030482886
0.02640778
0.025833016
0.02804417
0.036188547
0.054810103
0.079587765
0.06893069
0.82122725
0.85182124
0.85404366
0.22861199
0.44009238
0.8875983
0.9167814
0.056693453
0.046752863
0.052220047
0.048152253
0.04523656
0.04160148
0.039836287
0.038010772
0.039925843
0.03245207
0.02791866
0.030987069
0.049197294
0.69666743
0.11022679
0.1541263
0.14088795
0.1119086
0.0701905
0.6845568
0.77260995
0.88014084
0.8902056
0.23441446
0.17488548
0.2582961
0.8050792
0.82243764
0.86179394
0.80496395
0.18125184
0.092555955
0.0905036
0.8231943
0.92011523
0.22553432
0.040995736
0.019670583
0.01411938
0.011612403
0.010870774
0.011784849
0.015153363
0.1197936
0.9772052
0.9787248
0.9696418
0.050930444
0.0206548
0.01847509
0.017187428
0.02009099
0.02997542
0.043850414
0.07031931
0.065359525
0.038302094
0.033420064
0.07971111
0.9143962
0.8523306
0.7871403
0.7842481
0.14493908
0.15727852
0.29032725
0.922933
0.901961
0.11645873
0.09748322
0.10317796
0.14401588
0.27967864
0.90798575
0.88980556
0.13145511
0.092790164
0.08485826
0.12877995
0.13790773
0.15451156
0.22047962
0.22519907
0.39490432
0.87606555
0.05614768
0.05096499
0.06021243
0.060483336
0.04944223
0.03902921
0.034479853
0.031605713
0.0267153
0.02049669
0.017414745
0.020553185
0.08119227
0.9438958
0.94762963
0.91765016
0.90782046
0.071372345
0.04851964
0.045336034
0.07020763
0.88613385
0.14116272
0.098764256
0.063066214
0.054144684
0.058328044
0.062059395
0.06691202
0.072389096
0.07987229
0.08762946
0.096998736
0.08925277
0.11177629
0.7835187
0.8064615
0.31493476
0.2371531
