0.9051033
0.84415245
0.7974823
0.81070864
0.75985324
0.82363653
0.8882414
0.87759393
0.23913679
0.16023357
0.14669953
0.14412706
0.14286412
0.13685977
0.1637756
0.5782908
0.18501297
0.17048141
0.1960942
0.25331676
0.63192123
0.6154127
0.25627768
0.35291132
0.45731533
0.42741397
0.3011666
0.8036889
0.7460714
0.8004933
0.21886778
0.14241901
0.17549683
0.8575748
0.85174316
0.15036854
0.08840016
0.09830954
0.8128151
0.87081707
0.8527197
0.75308
0.70860624
0.15417206
0.13680084
0.114416085
0.75918645
0.7483659
0.81463706
0.1734412
0.17681733
0.29265842
0.88284147
0.8446313
0.8045058
0.7449052
0.12739086
0.14353418
0.17505677
0.2043954
0.20121332
0.57795984
0.58019274
0.15750697
0.17851308
0.28202116
0.26258034
0.29708666
0.23948768
0.6369397
0.17907362
0.16051029
0.18665813
0.6531178
0.73647726
0.63809186
0.7241657
0.8456764
0.84380907
0.7757889
0.21136297
0.09798896
0.10673934
0.19328839
0.83577585
0.83209133
0.8739628
0.8626297
0.86817497
0.23342757
0.13129912
0.11249374
0.18330967
0.8023442
0.8110264
0.06235545
0.057883233
0.06656706
0.06570285
0.05504987
0.04280104
0.03730863
0.053862162
0.73755395
0.7359982
0.69984406
0.7328062
0.7981693
0.87113786
0.31480885
0.4085646
0.86515206
0.042192604
0.0293295
0.028529577
0.021916902
0.01947724
0.04373211
0.9573357
0.9771753
0.9777349
0.96969676
0.03137039
0.016461318
0.013185859
0.013933516
0.017844133
0.025385894
0.7145573
0.19552904
0.62210625
0.9428819
0.9496711
0.25298
0.055080187
0.049758114
0.059220534
0.12199708
0.23988685
0.9015523
0.911338
0.88441217
0.07107082
0.03409632
0.029129192
0.027522273
0.027952079
0.031552628
0.031996585
0.03055848
0.029738396
0.0281523
0.025277078
0.06450134
0.96057737
0.9603017
0.96188855
0.943204
0.028547186
0.017454673
0.018306386
0.023548855
0.025438022
0.028908221
0.03225253
0.03350396
0.04075777
0.03917572
0.027992185
0.050262712
0.9404779
0.9601832
0.9432454
0.9125153
0.87486273
0.07850808
0.049376614
0.042962894
0.040058933
0.042438358
0.046357635
0.049722657
0.056716498
0.06496538
0.08140891
0.10783553
0.09492891
0.09729653
0.12177058
0.1801718
0.14436735
0.12135987
0.6679922
0.12665188
0.12744938
0.13905051
0.12261364
0.0948186
0.0921052
0.072474025
0.08945775
0.064059325
0.07074009
0.7561375
0.1904971
0.10362242
0.087908
0.907066
0.049549244
0.042469658
0.099715374
0.93139863
0.88917685
0.0700373
0.028592572
0.018177787
0.014804534
0.015714947
0.017985906
0.021607736
0.037934493
0.9241269
0.93778354
0.96234554
0.9646695
0.9430868
0.8998634
0.90285516
0.030355778
0.02158844
0.021442927
0.030086873
0.034623913
0.04922881
0.086492114
0.090209514
0.042704817
0.026787814
0.030344622
0.8222895
0.8300482
0.7250356
0.769564
0.8761599
0.057569187
0.04518052
0.070264526
0.79301876
0.8790371
0.9364493
0.9336225
0.090927415
0.043917514
0.04633939
0.030102246
0.07924116
0.069381386
0.10295141
0.8946385
0.92645717
0.9161261
0.9327634
0.07628087
0.05728529
0.060171794
0.05103453
0.048948895
0.05825591
0.08624296
0.7291084
0.074556895
0.06797898
0.092884585
0.16305158
0.8613914
0.8631271
0.9184689
0.04591445
0.03774863
0.03062593
0.027975967
0.03828176
0.90975845
0.051135983
0.044373557
0.087480746
0.9153267
0.9262704
0.94265705
0.9379336
0.94678044
0.042404246
0.030156579
0.024810944
0.02719612
0.03657505
0.056983843
0.09798469
0.1509739
0.8951022
0.08478057
0.07656393
0.07150219
0.08590004
0.87082
0.89791936
0.8488931
0.8311199
0.07959541
0.06327901
0.08412805
0.089317225
0.09172474
0.16959599
0.28469527
0.24328983
0.7053433
0.37895438
0.20698886
0.18907864
0.722524
0.76283497
0.65956414
0.6640163
0.7237506
0.17136091
0.14785354
0.119651705
0.09526814
0.07818384
0.07729711
0.10074659
0.90045816
0.89684033
0.93674964
0.9368445
0.8747816
0.058385678
0.056916606
0.07785326
0.088010184
0.8402027
0.9018017
0.9213587
0.9154485
0.10029358
0.067595325
0.06799647
0.100129694
0.80037785
0.89001465
0.884847
0.039086897
0.040571492
0.052612726
0.049797717
0.0504106
0.056148823
0.07389412
0.059154775
0.048869457
0.04649668
0.058445655
0.75950813
0.06895118
0.09493145
0.7762394
0.7771739
0.75808555
0.1019731
0.08104601
0.17239687
0.8976749
0.87670803
0.9028809
0.92469406
0.891782
0.7621771
0.07887492
0.071577914
0.14542101
0.8006852
0.76598233
0.12112006
0.09759953
0.6836904
0.07536567
0.05770288
0.057125684
0.06961777
0.18049327
0.9396882
0.9544078
0.9239888
0.7809759
0.08431592
0.068331435
0.06490138
0.07637626
0.09413574
0.13011132
0.15942772
0.15214585
0.090467975
0.06808673
0.059874877
0.057590738
0.08019425
0.8583057
0.9152137
0.92152256
0.88500017
0.9005985
0.27695203
0.38727418
0.873208
0.7880398
0.7546128
0.753715
0.23247555
0.14240944
0.69888484
0.6767615
0.73811334
0.83075374
0.12350804
0.08568391
0.08743385
0.11816928
0.116423756
0.13813119
0.17282431
0.22980854
0.29894972
0.7423356
0.85207653
0.45988956
0.23438151
0.16474691
0.83257025
0.7445894
0.65224725
0.6310186
0.10669594
0.13552156
0.3026806
0.8621457
0.87264174
0.3301586
0.31967524
0.29574955
0.19139822
0.16199428
0.16055691
0.1503931
0.1548198
0.19787258
0.26409015
0.1709048
0.12529033
0.11368482
0.52472246
0.58522743
0.66867095
0.7284874
0.8418687
