0.91501135
0.87081313
0.8210688
0.73732233
0.7154442
0.74684554
0.8283293
0.8031968
0.6766782
0.62379044
0.60186857
0.6337386
0.16689529
0.11833608
0.15485986
0.61082876
0.59992284
0.6203895
0.7051592
0.6681675
0.15882964
0.12922154
0.20540039
0.7637883
0.85624963
0.43939978
0.19116995
0.20711549
0.17605567
0.16066994
0.12851271
0.10413194
0.1253159
0.8920024
0.8886565
0.111193575
0.07975408
0.07925607
0.11409997
0.7602367
0.66034454
0.21035069
0.6206843
0.66611767
0.74792415
0.8504932
0.22979553
0.17088519
0.10316781
0.07873476
0.048068758
0.037949808
0.03819328
0.071305186
0.88380146
0.8838049
0.8865368
0.88346726
0.094518505
0.06604021
0.040384825
0.030106135
0.02823499
0.030421706
0.045326542
0.098698296
0.82872236
0.83546394
0.39185208
0.8312249
0.77398956
0.102200486
0.09012732
0.093169294
0.14458287
0.6587442
0.6458178
0.5302498
0.41537637
0.560705
0.5282289
0.52009743
0.5421469
0.59688544
0.7130789
0.41916734
0.6086755
0.8588931
0.87457174
0.82774806
0.088036485
0.053134985
0.05275935
0.07337525
0.12184484
0.1091523
0.14144298
0.8829529
0.88269806
0.21961813
0.15379205
0.73542196
0.7596504
0.76833135
0.096338406
0.09333522
0.09114822
0.057751093
0.044458915
0.03826727
0.035490192
0.03775696
0.052161705
0.68713284
0.14406078
0.6725135
0.76178175
0.8887256
0.9096081
0.9432209
0.9531631
0.05919478
0.021250155
0.016517252
0.016025629
0.016114369
0.044570997
0.9624491
0.9800347
0.9795884
0.97308785
0.029982464
0.018117039
0.018694324
0.025417272
0.024924112
0.032930803
0.82530737
0.81517315
0.9049497
0.92620254
0.91748273
0.9155857
0.07054341
0.050053187
0.054794367
0.08865509
0.88835704
0.87410825
0.87851256
0.8048054
0.79927456
0.06918546
0.046743743
0.08253243
0.8556885
0.87924725
0.8183551
0.8039735
0.06723642
0.06629679
0.143842
0.8700628
0.92133075
0.9330689
0.9347427
0.09332491
0.054466344
0.04624991
0.05586159
0.10951739
0.238982
0.2707986
0.8973039
0.0860173
0.07263773
0.8956649
0.90782666
0.8812302
0.877648
0.04739453
0.030153453
0.029060718
0.03200925
0.042496115
0.052716434
0.8026088
0.056949347
0.04032374
0.043672603
0.06606332
0.12505448
0.16123988
0.2018412
0.24595775
0.21374859
0.8080582
0.66642743
0.23276679
0.30284804
0.6628355
0.11424302
0.1096721
0.1855616
0.28114066
0.20177497
0.13999943
0.09805414
0.044961933
0.04220183
0.0491717
0.06286679
0.07231171
0.11323526
0.9084841
0.050579067
0.04664319
0.09312998
0.93475676
0.88812447
0.059234962
0.027126683
0.016349098
0.013615274
0.0146711245
0.01682505
0.020084608
0.035011396
0.9266202
0.93940806
0.963328
0.9653885
0.94497037
0.9033005
0.9054572
0.030202499
0.02273158
0.023142677
0.032044727
0.036004674
0.047825713
0.08276935
0.093983546
0.049345687
0.0384528
0.040408935
0.8263567
0.8636982
0.8146363
0.14775965
0.13472131
0.077623405
0.058110636
0.06751218
0.11041859
0.78119254
0.8910404
0.8994107
0.19170888
0.083879426
0.06953282
0.056498572
0.047394097
0.045290716
0.062305283
0.83931243
0.83729756
0.88535327
0.8599494
0.880725
0.811601
0.80592245
0.8402742
0.8274581
0.103895366
0.102335125
0.08604865
0.07753631
0.09682031
0.09061777
0.12438542
0.7943131
0.8296627
0.81483454
0.89445454
0.052703887
0.04286645
0.04441087
0.07484141
0.91040814
0.2717266
0.055824246
0.044942092
0.06470865
0.9075786
0.9188224
0.93595946
0.9232758
0.9422605
0.04316665
0.030322913
0.02576703
0.030023897
0.03869821
0.058834963
0.096946195
0.13982366
0.89835805
0.07926364
0.07179171
0.06782153
0.086527236
0.86525273
0.8913726
0.83775043
0.81631577
0.06642723
0.053206667
0.080856614
0.107001506
0.7274748
0.7468384
0.89333016
0.05583641
0.05077445
0.06738555
0.04557107
0.043141674
0.05456597
0.78939605
0.81774735
0.90956295
0.92144424
0.89081323
0.88234544
0.76563954
0.649226
0.118920445
0.25959235
0.84703666
0.9241029
0.9441763
0.13700685
0.02616018
0.016983174
0.016813308
0.046289634
0.95735985
0.9719971
0.9689001
0.95767385
0.039458662
0.024491586
0.023689114
0.03292755
0.075876094
0.8712364
0.19296679
0.16792798
0.86916536
0.8225617
0.110487536
0.11681319
0.08281682
0.07035685
0.057914067
0.04979022
0.049054813
0.05200066
0.06470917
0.07416825
0.07250477
0.079991825
0.08695933
0.11108907
0.84947956
0.87381095
0.8786516
0.93175995
0.94410604
0.9225798
0.91056705
0.041570134
0.030376514
0.029206565
0.029460205
0.030917602
0.036763515
0.047422346
0.044095967
0.053101238
0.0842704
0.8172086
0.13618936
0.18926443
0.16296005
0.119204715
0.8746442
0.8324888
0.13130088
0.085032485
0.1170216
0.15478182
0.26000074
0.8634241
0.8207874
0.81295305
0.8301567
0.84235007
0.76488066
0.7448655
0.13326468
0.092431374
0.06334854
0.06308562
0.123093545
0.87698287
0.86368126
0.74316263
0.06448191
0.09849402
0.18029344
0.8146801
0.82158893
0.120600715
0.123843536
0.061764903
0.03712868
0.031416237
0.044911377
0.16558087
0.9442825
0.9406296
0.914605
0.20615478
0.08399021
0.0405895
0.02884381
0.035928983
0.06101785
0.13635993
0.8322046
0.15586348
0.17180128
0.16822642
0.8977509
0.8689728
0.17469598
0.17844032
0.23667754
0.3324946
0.66759163
0.32973716
0.33680168
0.22759125
0.5104055
0.5868694
0.67050904
0.6000634
0.5772903
0.29085726
0.2640658
0.17972393
0.17121057
0.2042758
0.19617203
0.33871254
0.9319458
0.90370905
