0.7712403
0.18909842
0.1447063
0.10651602
0.09572008
0.10086534
0.11620662
0.16433693
0.29623538
0.7130053
0.82933956
0.85446477
0.8184617
0.8068126
0.3291045
0.38293138
0.3049438
0.71662426
0.23609897
0.85875833
0.8609483
0.1651949
0.13813323
0.15204999
0.8735958
0.3373077
0.13978556
0.808015
0.8617294
0.09969286
0.07464409
0.0586432
0.047528494
0.045247108
0.046398077
0.037465647
0.037297115
0.029921891
0.031211799
0.07525165
0.9336953
0.9441457
0.9647051
0.96476096
0.13382632
0.0519872
0.027488932
0.024572214
0.02845718
0.037688147
0.048855294
0.057254598
0.07045327
0.07800151
0.06918841
0.85345167
0.8654468
0.09041944
0.05759998
0.05095733
0.055891085
0.07453773
0.69723624
0.6869611
0.7120055
0.66362023
0.19735818
0.6864832
0.12792245
0.15290721
0.21103476
0.7073293
0.6301077
0.731891
0.8660408
0.88505447
0.8484436
0.8821688
0.11736787
0.07072481
0.07554476
0.09644505
0.07853065
0.09271789
0.16483963
0.8995355
0.8838188
0.23403981
0.17170006
0.7377397
0.7761655
0.78537387
0.081750944
0.055999544
0.048654538
0.04363803
0.05127382
0.044928093
0.06349946
0.89833325
0.07303236
0.05192779
0.05646363
0.124122225
0.86368537
0.89488477
0.8803527
0.928553
0.94621867
0.049167108
0.02214414
0.015802424
0.013508185
0.014164127
0.035793785
0.9641675
0.980604
0.97941726
0.97304654
0.039180942
0.022630872
0.015111704
0.013396775
0.015122247
0.029161502
0.85835904
0.88958806
0.9188249
0.92918307
0.92574614
0.93644494
0.15432641
0.109321415
0.122009665
0.12955652
0.8752006
0.89668727
0.9269768
0.92938423
0.8661548
0.038252823
0.031411987
0.042640436
0.043229863
0.054760765
0.83176017
0.039612822
0.02285899
0.016812708
0.01619404
0.03814334
0.93612045
0.9348508
0.9453201
0.9237212
0.049289007
0.031207366
0.050462212
0.100745834
0.8812074
0.19672005
0.9022489
0.073899515
0.046336472
0.037469387
0.039217595
0.08080116
0.8928695
0.9214018
0.9045281
0.8815731
0.8225515
0.83776456
0.87919563
0.86806583
0.8934962
0.8756061
0.7910362
0.7173715
0.70765066
0.06754816
0.051094275
0.061558027
0.09252609
0.16043511
0.20434411
0.18926719
0.8726125
0.79988766
0.17517576
0.15366358
0.091940664
0.074066475
0.076844886
0.08761999
0.09640485
0.0923339
0.086051576
0.05185229
0.04774892
0.043681137
0.041896883
0.0639182
0.07249108
0.11774423
0.93037766
0.05437824
0.044757556
0.08567625
0.93254906
0.8863856
0.058657844
0.032415178
0.020258069
0.019426983
0.023520429
0.045951545
0.08111386
0.915155
0.17891674
0.2898166
0.96405876
0.9665055
0.9583015
0.9549351
0.03259885
0.019824976
0.017704831
0.024966931
0.035192113
0.035247155
0.04176576
0.067168
0.06943984
0.039097823
0.03171184
0.062219806
0.9192326
0.90626764
0.8067262
0.15627272
0.14904608
0.11119266
0.103750795
0.14349504
0.2385883
0.32053605
0.8865323
0.057336736
0.053244486
0.052990206
0.047892984
0.043198563
0.04485118
0.06887725
0.85660845
0.853166
0.8966874
0.8746218
0.89196604
0.8263434
0.81799614
0.84785885
0.8390983
0.10569045
0.10447321
0.08493793
0.0741913
0.08855307
0.070883125
0.07421459
0.7832978
0.8124689
0.7988517
0.88414603
0.06278142
0.045938328
0.045937214
0.07495218
0.9092775
0.273386
0.051551316
0.04112962
0.062380802
0.91281575
0.9251085
0.94154304
0.9297667
0.94484127
0.04105447
0.030102959
0.026206685
0.03062387
0.038459957
0.0565001
0.09463085
0.13820966
0.89059633
0.08113183
0.07034402
0.061650984
0.07600419
0.872526
0.8981427
0.8388658
0.81100684
0.060860895
0.050034437
0.07393168
0.093777366
0.72594976
0.74437106
0.14864188
0.07061565
0.06423435
0.08859556
0.08421908
0.12044753
0.31912383
0.8899807
0.8523313
0.8624334
0.9208519
0.9230937
0.23728956
0.20790796
0.11148899
0.06388403
0.0449916
0.047822323
0.08459701
0.84705853
0.9247944
0.9370971
0.8715917
0.047485944
0.027552677
0.022262312
0.029643744
0.900306
0.951348
0.9553155
0.945443
0.051942028
0.034615856
0.03923562
0.06792205
0.7815226
0.87548834
0.8656292
0.7650217
0.70740813
0.22730836
0.1632971
0.2080814
0.52844054
0.83356076
0.24499807
0.17560822
0.14313285
0.12404348
0.040713646
0.051943015
0.07621624
0.09361609
0.111994244
0.15518191
0.14905465
0.09674516
0.111039236
0.8582595
0.8042233
0.8126979
0.8813664
0.8720954
0.7667692
0.6774595
0.60982424
0.11546176
0.091837406
0.13762105
0.3195906
0.15218632
0.05315168
0.036024872
0.038703587
0.051327623
0.67220366
0.10588124
0.19856773
0.91978574
0.92384017
0.18856657
0.08034034
0.06127121
0.045991287
0.04347093
0.7653521
0.7583406
0.8318817
0.9137338
0.92020035
0.2889462
0.1981732
0.13346143
0.055259697
0.05671808
0.83178985
0.91516984
0.91569096
0.46175694
0.41742945
0.90700793
0.12725289
0.108243085
0.066400856
0.039804462
0.032085605
0.027419481
0.021771923
0.03455065
0.9299821
0.94809556
0.93606776
0.9193781
0.90071064
0.030817602
0.019934803
0.020928854
0.026577292
0.045359317
0.06547005
0.10503821
0.8373597
0.18727654
0.8791677
0.2897424
0.22829269
0.83910877
0.8447412
0.8873162
0.047172956
0.030810764
0.033655748
0.04004786
0.04544252
0.05173768
0.07284374
0.08323323
0.07209641
0.11625415
0.90325433
0.8670625
0.18111023
0.14969051
0.59584385
0.5770722
0.5190665
0.106577754
0.08986621
0.11947721
0.2455025
0.5009046
0.8573745
0.80172473
0.36364537
0.34070107
0.18004769
0.15346693
0.2233966
0.5957995
