0.8830601
0.74739516
0.108499624
0.11843886
0.13448428
0.14729883
0.17847154
0.5388088
0.2047859
0.16754994
0.1761901
0.5585016
0.18099687
0.14948547
0.20954305
0.30791047
0.4241592
0.86422336
0.8632382
0.4789747
0.37865838
0.27827373
0.26894048
0.26894048
0.23754631
0.22059715
0.24471365
0.22694786
0.17469287
0.16898513
0.22460867
0.8641446
0.38215002
0.19971775
0.18557113
0.19854365
0.7832717
0.22583555
0.1337655
0.1330973
0.14555103
0.17874496
0.8382554
0.16306661
0.2000834
0.1644829
0.20652482
0.82951516
0.84931314
0.90517616
0.90226084
0.26458052
0.16015872
0.09885046
0.10526529
0.8530127
0.8886422
0.23643953
0.20461771
0.15469545
0.104811676
0.12942804
0.8633226
0.0646892
0.0401026
0.038804833
0.042946093
0.048232973
0.055306476
0.11901956
0.59262836
0.33203286
0.36730865
0.26654443
0.24365221
0.5307529
0.29277396
0.50202125
0.16365446
0.14283448
0.20197448
0.34254792
0.8666711
0.8672736
0.7449311
0.15068853
0.11166564
0.106328875
0.12382621
0.17988108
0.16105641
0.18161127
0.25844708
0.8606389
0.84328324
0.28374082
0.19942465
0.6971968
0.73969364
0.7540072
0.10945827
0.06651357
0.06604494
0.065376274
0.06335174
0.045090348
0.03352308
0.030133285
0.028890753
0.03317261
0.045423746
0.11507244
0.85371363
0.9006791
0.91655636
0.9431338
0.94441706
0.049088802
0.025657471
0.018304575
0.015310639
0.01580261
0.044378024
0.95988095
0.9791582
0.9764801
0.9712596
0.025702612
0.016568445
0.015269522
0.017733775
0.02260728
0.04246223
0.80722374
0.81184864
0.8944545
0.9130572
0.8898814
0.9043318
0.86797136
0.8616356
0.07437568
0.04038435
0.04548161
0.04256131
0.042229217
0.071874976
0.09202388
0.12819572
0.20353289
0.91575533
0.91092956
0.9200797
0.86968416
0.040203683
0.02737183
0.02718179
0.025217734
0.07444435
0.9451123
0.9458956
0.9431855
0.90803343
0.031627115
0.016958093
0.016287398
0.02157045
0.063167654
0.93415725
0.94979507
0.23773864
0.11023951
0.08098968
0.052357454
0.04859474
0.1043892
0.9456496
0.9397583
0.07734853
0.047247574
0.040771794
0.04000576
0.036197882
0.037450977
0.051766057
0.13095812
0.8578114
0.047332093
0.038403183
0.041663077
0.042017665
0.03810836
0.043414637
0.082932435
0.8977441
0.8623736
0.1399306
0.12658423
0.08332556
0.06625849
0.06449976
0.075250335
0.08517402
0.093494885
0.09612115
0.103612445
0.06390382
0.072636865
0.051391356
0.043645572
0.052581027
0.061054017
0.065971486
0.057618488
0.056253426
0.09653792
0.9225116
0.8303435
0.09296073
0.053989097
0.040341202
0.04690945
0.76645374
0.10648041
0.13126373
0.8777969
0.23616125
0.41447604
0.9475408
0.95813423
0.9497972
0.9381239
0.041769344
0.02203784
0.021539627
0.04040747
0.9140158
0.06788339
0.057396404
0.08147452
0.08174302
0.04918963
0.04061883
0.04597644
0.076550476
0.17456852
0.817846
0.787062
0.20801295
0.15431747
0.13453571
0.16957486
0.17319408
0.78841317
0.822336
0.054938827
0.04302883
0.04131716
0.037841264
0.034355152
0.03626015
0.06042565
0.86503977
0.8637615
0.9030527
0.881792
0.8987805
0.83585125
0.82978165
0.8533627
0.84436136
0.10072121
0.09623916
0.07939889
0.06964369
0.08200246
0.064821996
0.07186489
0.763645
0.787939
0.77073324
0.8692711
0.06726346
0.048485946
0.046872947
0.07178598
0.9076902
0.26221427
0.04715536
0.03790024
0.05827253
0.91813356
0.93132293
0.94700265
0.93601066
0.9477731
0.03951089
0.028887335
0.026155772
0.030894825
0.036745027
0.050661955
0.08504509
0.13454597
0.8808322
0.08140415
0.06479082
0.055346668
0.065210104
0.885609
0.9085683
0.85676783
0.82564205
0.05655584
0.04713302
0.06699303
0.083290756
0.7080677
0.7069892
0.12550849
0.06707894
0.057969593
0.06922427
0.06459041
0.096967444
0.2898799
0.90083957
0.86590207
0.8751295
0.9278528
0.91927737
0.27286148
0.22093156
0.12995708
0.07683427
0.054610033
0.05211414
0.09157339
0.7798071
0.8816059
0.89640754
0.80216545
0.07313783
0.04343802
0.03414403
0.045198612
0.89344853
0.94634986
0.9592302
0.955367
0.065418765
0.0399064
0.04043035
0.0834624
0.74947375
0.84559435
0.7946482
0.6055396
0.54640245
0.66919917
0.5621301
0.58440816
0.7173425
0.631251
0.3530707
0.24537542
0.19446322
0.2027012
0.4819917
0.25285757
0.23401953
0.2994394
0.34119585
0.76306885
0.7714988
0.62808603
0.6051212
0.7086636
0.66494775
0.7075842
0.8280044
0.8469083
0.83220476
0.7926469
0.7475658
0.64293426
0.5682682
0.3605754
0.30653536
0.2627572
0.29911983
0.33901116
0.30409938
0.29321593
0.34385595
0.46541166
0.84478223
0.39701453
0.21430863
0.7179972
0.6782191
0.6436589
0.6370073
0.31980926
0.5464787
0.84029377
0.8655936
0.20765378
0.20994744
0.10994653
0.0736782
0.07709545
0.77708703
0.8658798
0.8945567
0.90275055
0.9050127
0.9013281
0.8369487
0.10920815
0.089298375
0.075344585
0.05842355
0.053846486
0.04908326
0.057137996
0.79533845
0.771281
0.7705637
0.1150089
0.10782483
0.19468963
0.27659884
0.40833706
0.46630993
0.37904927
0.63134855
0.6091544
0.6944252
0.66581434
0.65561944
0.65738946
0.6649344
0.6577173
0.29172003
0.27677414
0.32617933
0.3343581
0.35956156
0.71949303
0.40781236
0.4209114
0.34279713
0.4048114
0.6235751
0.768423
0.31844598
0.17752273
0.1307897
0.10468456
0.090458654
0.0928647
0.09816101
0.1507519
0.83345824
0.90022296
0.85876656
0.7759091
0.75803035
0.76901066
0.65450966
0.668086
0.7380374
0.77303374
