0.3840612
0.18809506
0.1860309
0.22631939
0.26894048
0.36851722
0.7739485
0.33517566
0.2588536
0.27829093
0.2914196
0.35573152
0.39046752
0.4163191
0.43255132
0.45512086
0.4671174
0.47175866
0.66390616
0.64328176
0.63033664
0.41898188
0.39147994
0.6256552
0.43755051
0.652838
0.37326995
0.26894048
0.26894048
0.26894048
0.26894048
0.2518906
0.2297225
0.21128778
0.2264979
0.30631524
0.36125237
0.43537217
0.7862272
0.6720291
0.21256946
0.2152376
0.251157
0.2686987
0.6269423
0.5872322
0.23405318
0.19366369
0.17400245
0.16780208
0.17422202
0.17863362
0.17777328
0.24153692
0.60350394
0.31063163
0.26585618
0.35203758
0.6193415
0.6269829
0.6425865
0.63105226
0.20779012
0.19142047
0.1778147
0.15260783
0.13586037
0.12137699
0.1128263
0.1204564
0.14690371
0.17388391
0.82740587
0.8151217
0.82338077
0.78652483
0.100638784
0.052153084
0.044622704
0.044336084
0.052912336
0.123686634
0.7847027
0.7517341
0.74847484
0.09502238
0.061903227
0.06213207
0.06562168
0.07138799
0.091905706
0.6458373
0.6431871
0.09716631
0.077198
0.6964603
0.07497128
0.046935216
0.035826705
0.03105547
0.0292522
0.03194901
0.05606707
0.8680224
0.8865442
0.10423376
0.102143474
0.2874562
0.9206556
0.94481045
0.9420659
0.9187727
0.8426439
0.103387296
0.05199193
0.05497185
0.77311707
0.7457292
0.7577129
0.09421808
0.096311726
0.07905031
0.092213646
0.1921158
0.78041357
0.7140268
0.1407074
0.12211279
0.6793412
0.16222475
0.20811775
0.78810567
0.843533
0.1073616
0.06217418
0.050151065
0.050101228
0.062066574
0.11236418
0.70049864
0.85821605
0.8767768
0.28054354
0.16705085
0.15252593
0.17779149
0.56125665
0.66781366
0.82781845
0.8480908
0.71950054
0.20085119
0.22068201
0.803805
0.23722996
0.19197077
0.1806701
0.16255954
0.14418328
0.13211997
0.12602296
0.12635185
0.12688279
0.12503444
0.11716658
0.10150607
0.1330957
0.78761005
0.81534505
0.8368567
0.84416264
0.8460477
0.84411323
0.8371427
0.8281332
0.80802035
0.78906053
0.7673194
0.32141024
0.26239464
0.60370123
0.86311686
0.8333156
0.8204181
0.81453454
0.8044466
0.7967196
0.7951101
0.79929227
0.8167272
0.8401489
0.8444622
0.8395568
0.82352334
0.8153372
0.4806641
0.13754117
0.11902864
0.11226087
0.11208212
0.11468141
0.1102123
0.107031696
0.11379797
0.18525195
0.7285122
0.25570336
0.32911557
0.4487008
0.79117167
0.81084657
0.82934
0.8367828
0.84634
0.8294082
0.8190285
0.81566215
0.78710306
0.76848507
0.7590301
0.7759844
0.75003326
0.7339027
0.7309918
0.73045284
0.72437215
0.7399728
0.7423967
0.73573977
0.7382978
0.7193277
0.73097545
0.22588977
0.0930193
0.05092572
0.04858945
0.04280503
0.056264773
0.825904
0.77642596
0.7561896
0.11102553
0.07223923
0.09595893
0.090418555
0.09495619
0.0876732
0.063023575
0.05047832
0.05968932
0.11195895
0.9472739
0.95277095
0.9609403
0.95398146
0.9597884
0.9597282
0.960274
0.943097
0.05651641
0.04244578
0.05172167
0.06169728
0.116237104
0.11302858
0.11347456
0.7386175
0.13630377
0.13639735
0.18632846
0.13308522
0.1445112
0.18455455
0.27972457
0.74030095
0.2482178
0.18156075
0.17421864
0.19293542
0.23766157
0.37379292
0.7274961
0.5273897
0.52461493
0.35296836
0.32684642
0.39942986
0.32465154
0.39029238
0.64532137
0.58692026
0.24073938
0.15056272
0.14698263
0.20588934
0.30378377
0.5183087
0.9089857
0.94310135
0.932605
0.9012905
0.88412
0.83078516
0.11503425
0.0591965
0.07012656
0.8173765
0.8935983
0.8963947
0.8291851
0.15575555
0.13253966
0.12574399
0.1353129
0.15122427
0.19702339
0.27033526
0.6151032
0.668914
0.5285651
0.5111781
0.33593416
0.2777847
0.32984087
0.49470624
0.6470795
0.6440846
0.3684721
0.27484378
0.33030447
0.48919037
0.5605806
0.4507136
0.45261163
0.3192011
0.28645217
0.6207765
0.5092512
0.462648
0.53042144
0.724924
0.78111035
0.46454886
0.41118675
0.31715965
0.5431381
0.68918914
0.83760506
0.8692265
0.8845747
0.85802567
0.6576059
0.59816027
0.569122
0.5220905
0.40808928
0.37807217
0.3072115
0.31934258
0.3969251
0.4051621
0.5210328
0.53520584
0.44275752
0.4554501
0.34733677
0.50347143
0.55961967
0.5221498
0.25838947
0.47250605
0.18338637
0.13994792
0.18608154
0.87306124
0.13498303
0.11194397
0.113718495
0.1241001
0.10589342
0.14452368
0.8330012
0.8178777
0.85143316
0.81868386
0.17028637
0.069052026
0.05179832
0.046860754
0.0627067
0.831398
0.86245507
0.8976303
0.9272507
0.93129355
0.9112219
0.84479904
0.7320634
0.10263826
0.09261277
0.096241824
0.10526166
0.14046328
0.15406446
0.1716619
0.19159697
0.17898324
0.16328424
0.1667285
0.19096695
0.30526868
0.5076911
0.7802012
0.72110456
0.7549542
0.7287845
0.714327
0.68955725
0.6484628
0.5725605
0.48573828
0.49141723
0.50054115
0.47346115
0.39345014
0.41157767
0.39782563
0.5194632
0.75180733
0.6798347
0.62728894
0.65947276
0.5700682
0.3645447
0.24777043
0.2538824
0.7186231
0.16105042
0.12934154
0.15426245
0.8191325
0.89453906
0.9272305
0.93947333
0.92275554
0.12737615
0.11300317
0.15315975
0.9265129
0.94257414
0.94056934
0.93219256
0.9335242
0.9319794
0.9282691
0.900345
0.75163597
0.1177697
0.118387915
0.1295005
0.71963495
0.3052296
0.18503977
0.23412052
0.80088055
0.6158443
0.54183525
0.52175105
0.5340566
0.56777006
0.56781745
0.5822513
0.13323683
0.11287949
0.13159229
0.5681647
0.11032195
0.09168528
0.1139049
0.5352292
0.692033
0.77725995
