0.92858475
0.8478079
0.13913527
0.13810027
0.2677422
0.310383
0.31904238
0.3175625
0.6723976
0.61624
0.64004016
0.68434453
0.72809666
0.67513657
0.6947516
0.77230227
0.20728642
0.1721598
0.16921005
0.1399679
0.115934305
0.17190026
0.7925725
0.82963115
0.29584566
0.17753519
0.23329702
0.22876306
0.21291408
0.19403043
0.17351927
0.1687839
0.24402916
0.24870822
0.18914412
0.6967981
0.25048557
0.31170186
0.434894
0.7680609
0.6486702
0.37052563
0.3931389
0.3652378
0.7217762
0.8018835
0.423377
0.23986581
0.24952526
0.3043848
0.27908716
0.21074317
0.19920176
0.2942643
0.70911455
0.51021475
0.50629234
0.48223138
0.7361708
0.6945601
0.34647366
0.27036446
0.19505998
0.18850845
0.2722295
0.6655927
0.63428843
0.6424604
0.6955914
0.73675156
0.689777
0.21768105
0.12514225
0.14578746
0.21439607
0.3305012
0.6382442
0.7172182
0.2350422
0.28261554
0.28149942
0.2660666
0.2328702
0.18570624
0.16440958
0.70423454
0.7111121
0.7124674
0.11638191
0.06205201
0.053493988
0.058549497
0.11727914
0.25341356
0.82360643
0.09950644
0.059223834
0.059200007
0.09775831
0.08173338
0.04990644
0.07600956
0.89137214
0.8949694
0.90549684
0.054645523
0.03589512
0.04320282
0.095194094
0.120518595
0.22424328
0.8181862
0.19759338
0.099467255
0.04678452
0.04573187
0.070324294
0.82176644
0.8480695
0.880141
0.85792816
0.14300323
0.04146901
0.07507068
0.89411765
0.9074061
0.9091837
0.88732356
0.85290194
0.07411005
0.057445392
0.14980252
0.8382655
0.048350595
0.028271895
0.027178176
0.042447116
0.11201235
0.93578786
0.92014813
0.07070334
0.04003897
0.037185043
0.035769675
0.03323032
0.03240237
0.033275865
0.040251948
0.05350199
0.06165382
0.06122944
0.06554334
0.16303374
0.79805833
0.79005194
0.7650637
0.76577085
0.75564384
0.7300566
0.7040583
0.7194591
0.738053
0.7563463
0.7864248
0.80463135
0.81792104
0.8188727
0.816564
0.82712626
0.84853506
0.22905734
0.1397423
0.06777322
0.047771443
0.044573452
0.052975055
0.84276456
0.83478487
0.8341332
0.13549091
0.17652239
0.1942586
0.1960623
0.17995729
0.1404485
0.12637813
0.8786934
0.9040086
0.916627
0.9078517
0.85192674
0.76909953
0.07074124
0.07637478
0.12512985
0.8815672
0.92025346
0.92432976
0.9207686
0.90375316
0.21933298
0.33163962
0.28595492
0.84648204
0.80174166
0.081396416
0.061599303
0.08242076
0.18116362
0.19853151
0.16515751
0.79159236
0.21810079
0.09697369
0.11483621
0.24407269
0.77036077
0.77634215
0.7720126
0.7814294
0.7882575
0.80831975
0.21748121
0.1094049
0.057748903
0.049538206
0.04703465
0.048866417
0.0586952
0.1392603
0.8218289
0.8065202
0.82501805
0.7803078
0.76069146
0.22567785
0.11699564
0.07558537
0.08264331
0.14849582
0.7948625
0.087756194
0.0783354
0.1262362
0.14260596
0.12988022
0.81768733
0.8049003
0.79987705
0.80678433
0.81374526
0.8028556
0.7932526
0.79844207
0.10550947
0.084441096
0.07936648
0.08284026
0.17069192
0.8533897
0.82804376
0.80517566
0.8304729
0.19011272
0.1695986
0.108589634
0.1077847
0.10109858
0.8581327
0.83874565
0.8427153
0.8699336
0.8613331
0.86343944
0.8794218
0.1729028
0.0902571
0.07941503
0.06615092
0.06844349
0.08793455
0.11125164
0.12258025
0.11321821
0.09553105
0.095684834
0.13441986
0.6982716
0.17938921
0.16172954
0.14300802
0.13055101
0.13305077
0.16486281
0.6222192
0.65116847
0.6992939
0.16856702
0.113358416
0.123538144
0.69474435
0.72113454
0.7673838
0.79830676
0.8477861
0.84907854
0.22909811
0.15718542
0.16562326
0.73441416
0.7827195
0.8176447
0.8370886
0.8429849
0.84224784
0.83766913
0.83775514
0.83997303
0.84372735
0.85207963
0.8428749
0.8273252
0.8253797
0.8319611
0.8410209
0.85258996
0.81736517
0.13183782
0.07556287
0.110227026
0.18162887
0.2368913
0.29030433
0.77710557
0.7385473
0.7338803
0.7717384
0.84105694
0.8471821
0.17130665
0.05398759
0.033194695
0.02731444
0.024217175
0.021958498
0.02128488
0.025366966
0.027507149
0.031068442
0.032861438
0.15780874
0.9635735
0.96881425
0.9687967
0.9615212
0.0857064
0.034579378
0.025829947
0.025408793
0.029547893
0.036848545
0.05986441
0.10125439
0.13444027
0.13993032
0.18859309
0.2159244
0.87633234
0.9084172
0.8803443
0.8592387
0.8811907
0.84753025
0.37704378
0.313974
0.2622598
0.20048362
0.1828284
0.18673372
0.24479783
0.29568237
0.3214736
0.5758046
0.20403805
0.19171388
0.23484223
0.25983965
0.2500279
0.21487044
0.2011289
0.23281205
0.6222744
0.6458425
0.49530643
0.61671937
0.6023679
0.35886797
0.20320354
0.1476106
0.6474516
0.14696777
0.12798962
0.1309758
0.14857356
0.21283416
0.31178942
0.3663406
0.93918407
0.93622833
0.90960824
0.8431613
0.7533363
0.23066661
0.3640755
0.51733506
0.8001436
0.8325885
0.8036477
0.7987092
0.797294
0.7924721
0.39287484
0.3064275
0.39632714
0.23707391
0.12596513
0.12056606
0.114188254
0.1282638
0.3587775
0.85739934
0.45674333
0.8562787
0.8950386
0.89449567
0.8882577
0.8776123
0.8632308
0.84972584
0.83284765
0.7951013
0.7475784
0.1711713
0.6668655
0.0963058
0.06376918
0.06376667
0.0850834
0.14472277
0.19952711
0.91803265
0.8898961
0.9073533
0.93887746
0.9400501
0.9161006
0.88385206
0.052678306
0.04660774
0.053652115
0.06348983
0.06247625
0.8795915
0.100454964
0.054403096
0.058108155
0.06285173
0.065035716
0.06839207
0.06458642
0.09108467
0.3285575
0.8821778
0.8980189
0.8696642
0.8525033
0.86528254
0.14244483
0.1073607
0.101212524
0.11687943
0.12767197
0.1156138
0.09826489
0.06356179
0.053535823
0.055115882
0.08287511
0.14814311
0.16912638
0.10788292
0.89694077
0.89994067
0.89598554
0.8855689
0.8808585
0.8890624
0.92776066
0.9427853
0.9273744
0.10559934
0.0340379
0.030879928
0.036279187
0.04730895
0.051408514
0.055593092
0.060056843
0.05399358
0.11180762
0.8675144
0.84395516
0.89681065
0.097833514
0.03984522
0.039657585
0.044591006
0.06020499
0.043670036
0.03251062
0.03351135
0.046592526
0.0911511
0.9409955
0.9527192
0.9517382
0.94338864
0.94949865
0.9444444
0.9016638
0.04047384
0.02688633
0.025094386
0.032339573
0.059696656
0.0681563
0.08633529
0.1053749
0.7163083
0.17350855
0.8104021
0.6673712
0.9063079
0.9021419
0.13360669
0.05085338
0.038444698
0.037984658
0.03454403
0.035965353
0.036843732
0.028812319
0.028564045
0.14994925
0.94865704
0.94591606
0.9284226
0.06683402
0.026992535
0.017404744
0.016694706
0.018745767
0.024289308
0.03686977
0.06398744
0.11047379
0.17578948
0.88202184
0.84357655
0.24594107
0.7954961
0.3349876
0.884681
0.29170695
0.26285875
0.19569664
0.09618956
0.06723721
0.07372681
0.09852028
0.26916045
0.92636025
0.10391359
0.03284493
0.032676347
0.0272005
0.02433529
0.029492322
0.03352095
0.0632985
0.12766111
0.31015232
0.95407194
0.95264417
0.06763497
0.039781988
0.026692573
0.022993544
0.018810008
0.01731488
0.017666107
0.054132067
0.9267993
0.9279341
0.94413847
0.95922095
0.952748
0.94406545
0.07251516
0.0333873
0.026909376
0.023679467
0.026041068
0.026646787
0.037945613
0.081117466
0.902539
0.8936645
0.21705182
0.21813077
0.8402728
0.12016783
0.062205486
0.055121027
0.05542777
0.061409302
0.08143892
0.08508349
0.13598464
0.82859164
0.84946406
0.91080964
0.90690917
0.094984226
0.050490357
0.046026565
0.044521753
0.043996613
0.0357112
0.030116007
0.02679208
0.024395537
0.025983525
0.030808216
0.028273465
0.029842325
0.036784034
0.09826663
0.3101082
0.93935287
0.94852585
0.9531671
0.9659187
0.9629065
0.091357045
0.029911041
0.019684652
0.02097245
0.02202203
0.028304873
0.036231034
0.03535627
0.048568375
0.07033148
0.9055098
0.89292926
0.88647646
0.09118778
0.054797135
0.04836578
0.05113234
0.05454931
0.08405159
0.16086914
0.28157008
0.23882997
0.88382876
0.21145536
0.07672219
0.086475894
0.06291215
0.04767344
0.05442866
0.13769019
0.9270234
0.8772559
0.05686179
0.046469737
0.03954268
0.031777162
0.031583197
0.031391785
0.03042477
0.03453211
0.03474762
0.045156512
0.83059406
0.12220557
0.071616
0.13027143
0.20623405
0.4467908
0.94551414
0.9468875
0.9208205
0.30565035
0.10332962
0.0456856
0.03420667
0.05170575
0.81941813
0.06791352
0.06642637
0.054162763
0.050272007
0.061519284
0.05543012
0.84518564
0.8445703
0.8515325
0.07810368
0.08519252
0.08528608
0.07950623
0.09537127
0.097038746
0.073272
0.081744924
0.06531997
0.05662101
0.06803843
0.8348937
0.13525526
0.247965
0.29623878
0.8851101
0.8430691
0.8266138
0.83596027
0.86376727
0.8551272
0.8886853
0.8863944
0.9289452
0.9322281
0.8829766
0.106206335
0.08202496
0.9140497
0.044453103
0.029866908
0.025709458
0.02613976
0.028389864
0.031014046
0.053529505
0.03977974
0.045730107
0.8477618
0.82940495
0.054928638
0.050786853
0.032327224
0.032854665
0.037653998
0.061193533
0.8597065
0.88519096
0.93199736
0.9379939
0.09718943
0.030241234
0.02903428
0.1352506
0.93454254
0.95398015
0.96895146
0.96257186
0.062483132
0.023947837
0.03203893
0.12449946
0.92696095
0.90569305
0.07886486
0.084461816
0.08700273
0.07101273
0.07170451
0.10838123
0.9106439
0.8778851
0.07905295
0.076198004
0.06661195
0.07530812
0.1308501
0.14712054
0.07164129
0.06624061
0.096873626
0.74826604
0.1229073
0.16867062
0.2099125
0.14709479
0.21172504
0.8746342
0.2743444
0.38881034
0.84853125
0.7678131
0.7745168
0.34360227
0.15882944
0.10447288
0.09942844
0.13591185
0.58275783
0.54702854
0.5162816
0.5098953
0.2683834
0.23424144
0.26967037
0.5608783
0.9265637
0.91539794
