0.9261734
0.88250935
0.82972986
0.8009188
0.8460513
0.45022175
0.24218334
0.16295584
0.1623701
0.5864474
0.5834686
0.19679742
0.15812929
0.1503471
0.1588306
0.18143502
0.22380686
0.18066378
0.15925655
0.19257787
0.284695
0.43873274
0.8669315
0.8732869
0.43732366
0.46230307
0.3613548
0.8332128
0.30728993
0.20284891
0.22278458
0.83647615
0.8196208
0.21969782
0.1723331
0.16394106
0.6490369
0.4264318
0.60985833
0.14122002
0.17229712
0.7102445
0.8335248
0.23056562
0.12962058
0.10278448
0.0677512
0.054448206
0.049268015
0.048996612
0.06400731
0.104045436
0.87981385
0.8692067
0.8680313
0.84691375
0.072912104
0.039691485
0.03430591
0.043804634
0.07176691
0.119300686
0.8502208
0.8449745
0.8021086
0.21052279
0.15916316
0.23084596
0.70896226
0.1400659
0.13540103
0.6883336
0.25296056
0.6922587
0.25036576
0.2906352
0.2327128
0.59680885
0.5363197
0.5240209
0.5396888
0.582264
0.6773107
0.6722409
0.75601125
0.8560791
0.8603399
0.78075093
0.14766125
0.08068424
0.07900769
0.106917724
0.15554576
0.1367038
0.16563986
0.87289596
0.87485945
0.22976166
0.1622904
0.72395235
0.7456794
0.7404686
0.09349499
0.055373173
0.047205105
0.042402897
0.048020016
0.05867224
0.04485551
0.03462079
0.02915023
0.024914056
0.023168493
0.025661403
0.06715002
0.9075715
0.90891004
0.9519881
0.9585122
0.05438942
0.024125017
0.019509181
0.016703175
0.016713025
0.039756812
0.96273905
0.97964925
0.9776674
0.9708956
0.031200664
0.019426027
0.019725734
0.018181352
0.018870441
0.029858414
0.83329606
0.8339139
0.91884184
0.9360022
0.91915095
0.9063588
0.09861689
0.060361218
0.08987952
0.80706
0.88835037
0.88341606
0.8843351
0.8236722
0.8403755
0.0391017
0.024089184
0.02257575
0.02782815
0.03223709
0.038078226
0.85288453
0.85667306
0.88977486
0.9369858
0.93819803
0.9547304
0.94910204
0.93733203
0.048738327
0.024993517
0.018510245
0.018436752
0.021562217
0.04473868
0.84885734
0.8554196
0.8132183
0.7807507
0.7499464
0.75774276
0.091727585
0.079012625
0.112682715
0.8733042
0.07616784
0.050512474
0.055413052
0.08601836
0.8920296
0.06311869
0.041144807
0.04433778
0.066529974
0.10542328
0.100466914
0.10069261
0.12947817
0.13639744
0.8432281
0.7146609
0.20149426
0.2773082
0.668382
0.10486851
0.10325823
0.18465768
0.2795619
0.20641142
0.14377631
0.1022572
0.046764392
0.048022915
0.055853926
0.06263906
0.06961185
0.10359048
0.8988941
0.053946357
0.04527189
0.086319186
0.9360269
0.9030586
0.06575955
0.047414627
0.026686322
0.01704011
0.014280812
0.013328834
0.013793651
0.024280988
0.9124153
0.93569714
0.96590036
0.96886015
0.95105064
0.91640407
0.92148423
0.031790454
0.023248946
0.02301455
0.028106002
0.028505536
0.032559156
0.046018165
0.05956319
0.036876664
0.031272925
0.037535638
0.83564323
0.86968213
0.82138735
0.1449553
0.13401315
0.07732044
0.05638895
0.06463315
0.109547205
0.7771012
0.83035976
0.1760293
0.08019446
0.06976271
0.053495843
0.04451201
0.040260736
0.05754993
0.8556445
0.85450274
0.8987777
0.8742631
0.8934772
0.82766676
0.824303
0.8493786
0.83862835
0.100979805
0.09779808
0.0836691
0.07615343
0.09817759
0.08766195
0.12504259
0.7415013
0.7709457
0.7544208
0.8543944
0.061319742
0.046116453
0.045660958
0.07070559
0.90771514
0.25463742
0.046033736
0.037265915
0.057394695
0.9190906
0.93222034
0.9475548
0.93653166
0.94794554
0.039285656
0.02925722
0.026312297
0.031093432
0.036528666
0.05090646
0.08579315
0.14156657
0.87582135
0.077161774
0.060470093
0.05173064
0.061238848
0.90173405
0.9192976
0.86014247
0.83468634
0.0781435
0.07953109
0.13243507
0.15424612
0.5481377
0.6358965
0.74129945
0.24015325
0.2007983
0.2546152
0.19438092
0.18892378
0.17655852
0.52556264
0.21466686
0.3090871
0.85625154
0.8778961
0.85141987
0.8559276
0.73274475
0.12921573
0.079901926
0.08940522
0.2059839
0.84048235
0.91314673
0.9283513
0.18337138
0.045633204
0.023229955
0.019408178
0.02334188
0.9304142
0.96787095
0.97192717
0.96501076
0.06417653
0.04171135
0.04773353
0.06880838
0.17152905
0.84013134
0.29726225
0.20172553
0.19863172
0.24992923
0.18259585
0.1687774
0.25538072
0.787919
0.35515893
0.17165604
0.12341199
0.10461178
0.109155126
0.11712225
0.62941265
0.5512669
0.18488565
0.16859482
0.15902759
0.2134286
0.1786034
0.3108456
0.44934756
0.4475644
0.5190066
0.8063491
0.7658482
0.76885897
0.14593816
0.09136295
0.108384684
0.115605675
0.099304095
0.7367032
0.73272914
0.822884
0.77555937
0.7538549
0.74710065
0.83540714
0.9173926
0.9320599
0.9181995
0.11314843
0.0662407
0.09714921
0.092580825
0.7931225
0.7955459
0.83345807
0.9108834
0.9177105
0.11925685
0.06289838
0.040726066
0.032255314
0.043587442
0.8326151
0.89258856
0.26060274
0.87298834
0.93476456
0.19855182
0.039100576
0.025274644
0.02036241
0.022878282
0.030553164
0.030543134
0.03066813
0.04279206
0.04087831
0.06485103
0.9319604
0.9513601
0.9658133
0.9676501
0.9609685
0.9537098
0.9271465
0.03776222
0.027392624
0.024739493
0.02415723
0.026260255
0.03224386
0.03846033
0.050812844
0.07398564
0.10423269
0.15526164
0.8114224
0.7974949
0.20442696
0.62122124
0.65253973
0.71383804
0.7792625
0.17638129
0.17411835
0.25361195
0.28217098
0.23760179
0.7393723
0.3058061
0.47893947
0.5173293
0.8650597
0.8640324
0.40185592
0.22802246
0.1522311
0.81000865
0.69920725
0.6563744
0.640621
0.13066825
0.16113086
0.33561358
0.8450855
0.862994
0.76511735
0.29260325
0.18468624
0.124562524
0.1094901
0.11302054
0.10517652
0.122052096
0.435572
