0.24068612
0.18138671
0.1458627
0.13211596
0.11949987
0.10842791
0.11504503
0.13527434
0.16113012
0.7583362
0.4652476
0.577493
0.80158836
0.812883
0.7602243
0.74866754
0.7886603
0.77998066
0.42285007
0.46734548
0.8572735
0.24663211
0.14979401
0.087689415
0.050359733
0.03836198
0.038886372
0.050099786
0.075500585
0.22103585
0.85281515
0.7909235
0.34205455
0.14800888
0.10883039
0.119015865
0.64188534
0.103618234
0.12047893
0.17380567
0.8454994
0.3394221
0.20560463
0.16748393
0.20917074
0.19611135
0.24287865
0.3246671
0.8452261
0.83328015
0.7517393
0.76040345
0.631382
0.6568381
0.1643642
0.15197022
0.15110804
0.3124303
0.8969261
0.21958418
0.15803757
0.06707442
0.056745816
0.06891825
0.7642359
0.0913554
0.101274006
0.07271104
0.08063479
0.094260246
0.082931295
0.79335266
0.7767015
0.13573812
0.0935605
0.19149444
0.83680284
0.078491524
0.035839867
0.029284613
0.02882371
0.030872343
0.08886816
0.46284655
0.93720406
0.89763564
0.8611804
0.103090554
0.064228505
0.03590425
0.03421918
0.06018436
0.108348325
0.2251327
0.8918102
0.19977711
0.13997062
0.23874782
0.84854025
0.816045
0.8057622
0.14663884
0.20891225
0.8425769
0.8294039
0.8303014
0.82676667
0.836187
0.870761
0.2666577
0.20513093
0.14241129
0.10863016
0.697127
0.11309356
0.1173954
0.725632
0.11961029
0.14656214
0.18141444
0.7948941
0.77921206
0.871073
0.16838032
0.14281216
0.1979896
0.2719958
0.8764386
0.7713222
0.7146317
0.06914085
0.073099785
0.07321717
0.0837763
0.107010126
0.13527012
0.09968357
0.0716135
0.06525673
0.07386126
0.5818943
0.13974178
0.18298453
0.270608
0.40943408
0.14530724
0.12895498
0.15922892
0.18901487
0.2320292
0.27899426
0.2863624
0.72429246
0.7921703
0.76080567
0.8153774
0.78138536
0.7902021
0.8046711
0.81660086
0.7906355
0.7767602
0.77425504
0.7779886
0.7557491
0.76634014
0.7991763
0.8428336
0.8909117
0.90430385
0.90331143
0.38999283
0.13815866
0.072084635
0.058598127
0.0648388
0.09818655
0.15276404
0.8632906
0.06236446
0.029791074
0.026933637
0.043567434
0.8359399
0.8804122
0.9296709
0.9398171
0.9371883
0.9296043
0.9201736
0.8768607
0.039063282
0.033164866
0.040210154
0.096431844
0.86469835
0.06667582
0.04064089
0.037876967
0.04428958
0.061931454
0.08847101
0.10611611
0.11910137
0.12750974
0.15306224
0.18900691
0.21143948
0.17309175
0.1261644
0.84823024
0.10084312
0.12621337
0.2620949
0.31509653
0.8623303
0.34735802
0.18967949
0.19732682
0.172651
0.15982491
0.16261613
0.1802418
0.20667103
0.19034542
0.16363229
0.1519155
0.14485294
0.18655245
0.23805459
0.2880759
0.4556728
0.8411868
0.8404895
0.7973125
0.78666556
0.80370575
0.76986873
0.68924385
0.72418684
0.78512377
0.79297674
0.8231054
0.8254215
0.84991693
0.4317745
0.29912323
0.2171211
0.1865316
0.1524015
0.14771003
0.13997558
0.15286563
0.7171474
0.083929956
0.0924297
0.13912317
0.8302732
0.24981207
0.19236086
0.21912068
0.24650401
0.34685248
0.8679762
0.8410852
0.83631355
0.8509211
0.8012527
0.0933487
0.07401744
0.083518185
0.12951235
0.19239739
0.90486264
0.08014478
0.06322394
0.046402033
0.04432592
0.04634908
0.048923947
0.05602623
0.07834538
0.1095216
0.12824376
0.27615273
0.79068613
0.36671183
0.19351423
0.12668142
0.098758176
0.08183306
0.0703217
0.06701306
0.068293795
0.0758136
0.06424025
0.11801573
0.79374266
0.7854159
0.77803797
0.74392694
0.66839236
0.13859007
0.12059367
0.66714245
0.10102825
0.05131603
0.03832611
0.039146632
0.0798375
0.82087183
0.81564677
0.2774929
0.22492541
0.16101776
0.099303834
0.09076609
0.7829749
0.047248606
0.033610903
0.03417409
0.03382028
0.03891889
0.048295617
0.046372604
0.03321449
0.037344582
0.87469816
0.9065237
0.8781672
0.9034153
0.9309446
0.9517112
0.94936293
0.9306523
0.9351294
0.08768735
0.058996726
0.048114356
0.033589035
0.026963279
0.029687928
0.034806103
0.04549312
0.12359772
0.88126636
0.84198475
0.83528847
0.13180356
0.06765633
0.061803255
0.09067186
0.21594378
0.92323
0.9203659
0.34928948
0.93552005
0.9178184
0.09095907
0.048930768
0.041224252
0.073740356
0.89559007
0.35682598
0.25437468
0.8920705
0.8475351
0.8597973
0.8406394
0.19100386
0.1351417
0.13757828
0.14893545
0.15178874
0.15872149
0.1978871
0.23815551
0.25858763
0.25905403
0.38278863
0.7652136
0.46944672
0.49926028
0.4822051
0.41687676
0.28165418
0.30596718
0.6853595
0.6202367
0.23902941
0.23893768
0.23305224
0.2155798
0.14756271
0.13446976
0.18936403
0.8488026
0.88337475
0.9015931
0.89078665
0.83955926
0.8595988
0.09876164
0.11718859
0.8461417
0.08492072
0.10289573
0.110166386
0.10036869
0.09076446
0.0845811
0.1425825
0.8281
0.2528765
0.37961513
0.86688536
0.15534791
0.09107711
0.11505603
0.12396587
0.853205
0.84425384
0.84437865
0.8487695
0.84590423
0.83314353
0.82010317
0.7525962
0.09796539
0.081774235
0.08827862
0.15318908
0.79351455
0.24565542
0.20344067
0.6406126
0.1678516
0.14139278
0.17261337
0.26900145
0.31831738
0.6708711
0.322749
0.2059696
0.19294627
0.30225173
0.8181305
0.81446403
0.23349136
0.13283867
0.11206546
0.088547796
0.08594991
0.08459199
0.108002655
0.14603755
0.17201255
0.8287651
0.8879483
0.8880377
0.89935297
0.9149917
0.1535137
0.15374963
0.21310905
0.23897876
0.22533625
0.24852689
0.35467684
0.41835657
0.39572698
0.71877754
0.72454244
0.5984636
0.5427104
0.5322655
0.4855902
0.23013996
0.19190691
0.24149746
0.5940807
0.23393448
0.20100929
0.20174971
0.2812514
0.854715
0.8724673
0.8273358
0.83752275
0.8117641
0.8375378
0.86554074
0.8654579
0.8654928
0.85164565
0.85748273
0.83001983
0.83413005
0.84002507
