0.8545296
0.8058627
0.8012541
0.74746144
0.76026976
0.81810904
0.79277647
0.8036599
0.8801603
0.8677318
0.7331953
0.14475279
0.11129067
0.18019567
0.84687936
0.12292575
0.08703033
0.07545499
0.09073327
0.13291019
0.790232
0.67856044
0.12873688
0.14605829
0.66758645
0.75676936
0.83565396
0.8366351
0.78948045
0.78905916
0.72461396
0.75726444
0.67595255
0.16987978
0.20570654
0.85518855
0.87351227
0.15103972
0.06644466
0.047259852
0.04893477
0.062376715
0.71654767
0.67824215
0.14453931
0.18236783
0.3317477
0.7496159
0.18990332
0.19050817
0.23122595
0.19589344
0.16752256
0.14272077
0.13692302
0.15323317
0.21428016
0.18097767
0.20681794
0.86584413
0.89260346
0.8680967
0.8504778
0.13561909
0.11861607
0.10722403
0.10197171
0.11160958
0.15667011
0.5255769
0.49404335
0.5022367
0.606524
0.35885057
0.2257711
0.27943802
0.5273423
0.20103793
0.17150159
0.16990101
0.1974894
0.72831506
0.19851069
0.16827957
0.14683951
0.12400864
0.10616696
0.09382715
0.09192749
0.13315515
0.22400613
0.54490995
0.9022279
0.8208735
0.7603351
0.7575596
0.79036504
0.15012167
0.11909774
0.08423153
0.0702701
0.09179942
0.23214231
0.8890591
0.10064553
0.07848442
0.08126972
0.12091902
0.6661686
0.13592777
0.08556314
0.081321396
0.09512176
0.13471206
0.110783085
0.113223046
0.8825346
0.05560599
0.045001205
0.061260104
0.14583126
0.92595226
0.93478
0.9074122
0.89971685
0.8248358
0.7992003
0.035640303
0.019797953
0.014300346
0.014701624
0.038424805
0.95311713
0.97798103
0.974742
0.9655362
0.023447884
0.014996184
0.0164436
0.021766175
0.04145315
0.9115944
0.8909558
0.8909687
0.90356284
0.87478006
0.7745522
0.6789932
0.06867601
0.055367235
0.06358515
0.09674696
0.86679983
0.8897164
0.91000164
0.8775936
0.031185696
0.025699532
0.030975915
0.04504804
0.16040258
0.84406185
0.05802956
0.0335963
0.021864
0.015960777
0.016562471
0.05167594
0.9477219
0.9490842
0.9530222
0.9369891
0.03739333
0.017715791
0.015592778
0.018578954
0.03254722
0.09814559
0.91817284
0.08840109
0.037042446
0.028587772
0.03591252
0.072842605
0.9427804
0.9426982
0.9196702
0.117720805
0.13085082
0.7668561
0.74127537
0.7235237
0.7080581
0.10834911
0.086397015
0.73649067
0.12861077
0.15242918
0.09658538
0.066157214
0.06225829
0.07601467
0.16266902
0.8477409
0.8049941
0.08450284
0.040180735
0.03486575
0.04163823
0.07703761
0.06153541
0.06112155
0.70114625
0.055168618
0.043290406
0.034129925
0.03359283
0.055184226
0.10709
0.10429007
0.12696847
0.90615386
0.074589886
0.059341207
0.11997257
0.90189224
0.82051015
0.11035236
0.06299384
0.04419159
0.051896423
0.80867785
0.032328293
0.024481537
0.041649416
0.8496586
0.90673393
0.954051
0.95353
0.8906695
0.82794696
0.84281963
0.037436865
0.029271886
0.04988346
0.88228863
0.074876346
0.060848586
0.08910543
0.081788704
0.039272282
0.02880058
0.03554816
0.8619914
0.88667727
0.8635232
0.12350718
0.11887649
0.06786859
0.049534068
0.048428275
0.06841276
0.8135052
0.84663886
0.1413245
0.088314354
0.08264506
0.08320293
0.10152692
0.72344774
0.102296695
0.14431022
0.800676
0.87310445
0.85479915
0.87288135
0.8072649
0.787214
0.78919554
0.6710347
0.1470028
0.13733406
0.68501675
0.069556214
0.04533373
0.0411134
0.047309242
0.086628884
0.8569748
0.8084596
0.8972368
0.03908582
0.026764158
0.022328576
0.022579942
0.03716472
0.9323037
0.04647397
0.04069874
0.07470329
0.9311687
0.9389075
0.9528519
0.9419564
0.94936067
0.038742084
0.02691421
0.027252166
0.035480242
0.038761478
0.048694402
0.07694397
0.09906513
0.9052589
0.077499725
0.068324655
0.06132713
0.07803846
0.9019985
0.9173081
0.8548932
0.8323543
0.07047582
0.05882398
0.0953962
0.11324367
0.721941
0.6877867
0.7642141
0.6687025
0.6535636
0.7225084
0.6499355
0.6458636
0.6840155
0.7557428
0.70734805
0.7305075
0.8365052
0.8580875
0.8236684
0.8443415
0.78875536
0.120118156
0.049681515
0.04376383
0.07355001
0.8399974
0.92197096
0.9417519
0.17410344
0.032385573
0.016452126
0.013109322
0.017547956
0.93532985
0.95956147
0.9747966
0.9698275
0.045316458
0.025777314
0.02518408
0.039759517
0.11957064
0.9107472
0.35507637
0.15522896
0.13407642
0.17064174
0.1280143
0.1184081
0.16478427
0.32419112
0.24311431
0.15363267
0.11319235
0.09748323
0.09481108
0.09850055
0.105312884
0.099345565
0.11565468
0.14549302
0.15911187
0.2020722
0.20998092
0.78580725
0.86688375
0.80453753
0.8520515
0.2102853
0.06427653
0.039781787
0.02873577
0.02197613
0.021459252
0.04663456
0.93231297
0.9366711
0.9150513
0.0558154
0.028170481
0.02653346
0.03174716
0.039228413
0.057798024
0.1688659
0.93547213
0.95148796
0.90756327
0.12730406
0.093888655
0.0911144
0.15174998
0.76567316
0.15802333
0.102054045
0.08959105
0.062330816
0.045149576
0.031267256
0.025687087
0.0281505
0.07384846
0.90428215
0.93999666
0.94482404
0.92281127
0.925344
0.9252995
0.9245017
0.9448197
0.9462871
0.05878352
0.02669722
0.01929993
0.016842373
0.016749233
0.04185444
0.9093566
0.895642
0.90263045
0.9199792
0.079776086
0.030960355
0.022990867
0.023180977
0.031996373
0.06899733
0.84064716
0.8312091
0.7584083
0.72017926
0.7052158
0.68033177
0.6689439
0.71497095
0.7630882
0.820271
0.16088939
0.116351485
0.09876977
0.10929066
0.15209419
0.2533512
0.4048649
0.5118249
0.53730917
0.78442425
0.7380904
0.48790094
0.3786073
0.31603268
0.5991022
0.5220331
0.45123118
0.38803235
0.20256247
0.21888795
0.3783452
0.6186924
0.76224303
0.43643993
0.6220577
0.20455763
0.14522909
0.13934296
0.15131594
0.15560938
0.15886766
0.7521869
0.7731611
0.66200036
0.64406055
0.7186865
0.6604161
0.71452075
0.82652044
0.8297751
0.8299705
