0.9285845
0.84780735
0.1391345
0.13809969
0.2677352
0.31037566
0.31903216
0.3175518
0.67240167
0.61624175
0.64004666
0.68435043
0.72810143
0.67514396
0.6947526
0.7723024
0.20729244
0.17217074
0.16922157
0.13997473
0.11593794
0.17190152
0.79257387
0.82962686
0.29584274
0.17754994
0.23330748
0.22877117
0.2129323
0.19405216
0.17353636
0.16880101
0.2440377
0.24871773
0.1891551
0.6967985
0.2504807
0.31169993
0.4348886
0.76807034
0.64867824
0.3705017
0.39311138
0.36521694
0.7217826
0.8018942
0.42334324
0.23982306
0.24955416
0.30434436
0.27905852
0.21068963
0.19908409
0.29416117
0.70925224
0.5101758
0.50620455
0.48206145
0.73630905
0.69454044
0.3459605
0.26958996
0.19456336
0.18793203
0.27161416
0.66695386
0.63526547
0.64372075
0.6965004
0.7379838
0.6912639
0.21743774
0.12566052
0.14673983
0.21588063
0.33477286
0.6377761
0.7134225
0.24277572
0.29617852
0.29764163
0.2867528
0.25680637
0.20836562
0.18335876
0.69171774
0.6941452
0.6833843
0.11064351
0.06429176
0.055830207
0.072212726
0.17430882
0.8548184
0.81334513
0.11389474
0.062652305
0.061884042
0.11228221
0.091677964
0.0523853
0.082222454
0.88583505
0.88967806
0.9023862
0.056812763
0.03754861
0.045670427
0.09749977
0.12304943
0.22810507
0.81457746
0.19890116
0.10293844
0.04718347
0.04600783
0.07092124
0.82085115
0.8463635
0.8776228
0.8565052
0.14534198
0.04234626
0.076437555
0.8917447
0.90567625
0.9071702
0.8851962
0.8505926
0.07462363
0.05795657
0.15039001
0.8373824
0.048337396
0.02812136
0.026917055
0.041976333
0.110310316
0.9360501
0.92106736
0.06957468
0.0389594
0.036033615
0.034539986
0.03158276
0.03031813
0.030975966
0.03524349
0.042994216
0.044136513
0.040215787
0.04176042
0.122105554
0.8170195
0.80017865
0.8088431
0.802863
0.7989269
0.800445
0.7922606
0.050978154
0.049420655
0.10593744
0.8423101
0.8615162
0.87755704
0.87119484
0.87992144
0.097096324
0.062146533
0.04636141
0.0424269
0.031459294
0.028549818
0.02971922
0.037897788
0.86303455
0.85899293
0.86085737
0.13714847
0.16821598
0.18018454
0.18014182
0.16376789
0.12540278
0.12276533
0.874784
0.8994049
0.9125136
0.9049607
0.8486947
0.7635142
0.073532835
0.07859112
0.12997088
0.8819964
0.9202466
0.9232378
0.9192298
0.9005006
0.21831882
0.3353418
0.28681284
0.8399287
0.7893908
0.08616651
0.06448063
0.088236645
0.1930878
0.21107438
0.17254747
0.78624785
0.22453599
0.10128759
0.11745877
0.24834073
0.7675269
0.7739417
0.77005035
0.7804677
0.78708166
0.80716413
0.22152
0.110657476
0.058158275
0.049854334
0.04730857
0.04914162
0.058902163
0.13955966
0.82131046
0.80625784
0.8249576
0.7802114
0.76065904
0.22602423
0.11719793
0.075807035
0.08280949
0.14861085
0.7947846
0.08771955
0.07826319
0.12618807
0.14246646
0.1297491
0.8177926
0.80502146
0.8000178
0.8068678
0.8137834
0.8028934
0.7931954
0.79848176
0.10550306
0.084396474
0.07924751
0.08270692
0.17070833
0.85363585
0.8283379
0.80548173
0.8307482
0.18988238
0.16890039
0.107931994
0.10700818
0.10066428
0.85887766
0.83912605
0.84293485
0.8701889
0.86181456
0.8642647
0.8804599
0.1704543
0.08804011
0.07658779
0.06353281
0.0653447
0.08250453
0.10391939
0.11421242
0.106169395
0.090283625
0.090396866
0.1268002
0.70631534
0.1708052
0.1549415
0.13809702
0.12746792
0.13025467
0.16165785
0.6262751
0.65364754
0.7020338
0.16612217
0.11232716
0.12292582
0.6962475
0.7229643
0.7684487
0.7999257
0.8490399
0.84984094
0.22694305
0.15778428
0.16663083
0.7367097
0.7825919
0.8201066
0.8386346
0.8469961
0.8479592
0.8440515
0.84024566
0.83777523
0.8434729
0.8559805
0.85042393
0.83751583
0.83523256
0.8391265
0.84530944
0.8546543
0.8175942
0.13116015
0.07437032
0.10810557
0.1791579
0.23534474
0.28787595
0.77806973
0.74030596
0.73548526
0.7734681
0.8419379
0.84812856
0.1711944
0.053789057
0.033047214
0.027181705
0.024115294
0.021894457
0.021265214
0.025308989
0.027438523
0.03090088
0.03290208
0.15825763
0.9636918
0.9689266
0.96898335
0.9617369
0.08483669
0.034102317
0.025364017
0.0249547
0.029078485
0.03619933
0.0586765
0.09877482
0.13100132
0.13618474
0.18389142
0.21253625
0.87827057
0.9095292
0.88199633
0.8607097
0.88262033
0.84988034
0.37254438
0.3097029
0.25923824
0.19810273
0.18125364
0.18539035
0.24344008
0.2944889
0.32045665
0.57623225
0.20343107
0.19119836
0.23432879
0.2593506
0.24961385
0.21455589
0.20087941
0.23257124
0.6225162
0.6460645
0.49504513
0.6165242
0.60212183
0.3586151
0.20302613
0.14745577
0.64767605
0.1468048
0.12787022
0.1308391
0.14844157
0.21265744
0.3115504
0.3660277
0.93923485
0.9362838
0.90967906
0.84335047
0.7535901
0.23067512
0.36395833
0.5173912
0.80023354
0.8326637
0.8037115
0.79877317
0.797387
0.79258484
0.3927709
0.30637673
0.39620847
0.23716795
0.12614882
0.120562874
0.11412509
0.12818025
0.35854375
0.85736173
0.4565754
0.8562791
0.89505345
0.89453095
0.8883127
0.87768215
0.8633143
0.8498176
0.8329506
0.79524875
0.74777174
0.17116599
0.66719544
0.09621389
0.0636751
0.06369533
0.084942885
0.1444661
0.19915736
0.9181945
0.8900621
0.9074856
0.9389454
0.94010377
0.91614056
0.88390774
0.052709688
0.04660316
0.05363267
0.06343158
0.06241378
0.87960726
0.100385636
0.054290783
0.05801354
0.062759496
0.06492678
0.068308264
0.064449854
0.09092872
0.32818156
0.8822941
0.89814156
0.86991775
0.8528216
0.86559683
0.1422963
0.10706346
0.10094771
0.11658646
0.12723553
0.11522624
0.0979555
0.06337549
0.05332887
0.054875627
0.08252485
0.1475796
0.16854434
0.10752778
0.89716685
0.9000788
0.8962054
0.8857961
0.88113004
0.8893041
0.92788404
0.94279265
0.9273084
0.105608344
0.034031298
0.030855006
0.036283463
0.047309883
0.05133674
0.05559853
0.059988454
0.05391377
0.1117102
0.86758447
0.84407216
0.8968371
0.09777793
0.039788477
0.03959574
0.04449086
0.0600522
0.043572146
0.03244487
0.0334117
0.04645865
0.09088852
0.94105333
0.9527342
0.9517088
0.9434221
0.94952047
0.94444484
0.9016881
0.040540304
0.026892439
0.025085025
0.032393064
0.059873197
0.06832909
0.08632003
0.105257794
0.71572393
0.17340684
0.8101271
0.66715395
0.9063106
0.90214586
0.13357346
0.050914004
0.038457047
0.03801342
0.034554586
0.036011938
0.036871023
0.028828764
0.028577102
0.15009494
0.94865143
0.9459136
0.928403
0.06683478
0.026975868
0.017394364
0.016685111
0.018736867
0.024270985
0.03682937
0.063808784
0.110048935
0.17518082
0.88216543
0.8440217
0.24619912
0.79644936
0.33450407
0.88512075
0.29072288
0.26130044
0.19486602
0.09582398
0.06695193
0.07355564
0.09843051
0.26870096
0.92647964
0.10460996
0.032894235
0.032642383
0.027067676
0.024248976
0.029523894
0.033516053
0.063766345
0.12791894
0.31019342
0.95411927
0.9527772
0.06766928
0.040195197
0.026728906
0.023029631
0.018832227
0.017338092
0.017703954
0.054280296
0.9267435
0.9278741
0.9440847
0.95917886
0.9527504
0.94402784
0.07256591
0.03340482
0.02689351
0.023672877
0.026064951
0.02672315
0.037954092
0.080806725
0.9025516
0.8935222
0.21718118
0.21787906
0.84015125
0.12006069
0.062002067
0.05494384
0.055209257
0.061055735
0.081140436
0.08480783
0.1353292
0.8285498
0.8507822
0.91154253
0.9072981
0.09636284
0.050579138
0.04589707
0.044603176
0.044304878
0.035971902
0.030286241
0.026923899
0.024505338
0.026082987
0.030729365
0.02822642
0.029831035
0.036783487
0.09835207
0.31010202
0.9391103
0.9483535
0.95301795
0.9658691
0.96314305
0.090240136
0.029485349
0.019390002
0.020632558
0.021623638
0.027862145
0.03497048
0.034529842
0.04698633
0.06746208
0.9031339
0.8842165
0.8990585
0.15435863
0.07576819
0.05931018
0.05800975
0.05757467
0.085832626
0.1633952
0.28038046
0.24433573
0.8866903
0.21936102
0.078638285
0.08743746
0.063528396
0.047947988
0.05489984
0.13759775
0.92669415
0.87702745
0.057214137
0.046692118
0.03970179
0.031894945
0.03168849
0.031479828
0.030490965
0.034582593
0.034783084
0.045244005
0.83075744
0.12233054
0.07167692
0.1303457
0.20627974
0.44675735
0.94551224
0.94688654
0.9208186
0.30566403
0.10334257
0.045676786
0.034198698
0.051705804
0.8194037
0.06788933
0.066383384
0.05413488
0.050236043
0.0614481
0.055412892
0.84528303
0.84473455
0.85165167
0.07793714
0.08484887
0.0850545
0.07909921
0.09494882
0.09651988
0.07284937
0.08134474
0.0651191
0.056402046
0.06789054
0.8350301
0.13503958
0.2472467
0.29761955
0.8846666
0.84253436
0.8261859
0.835577
0.86355305
0.8548323
0.88847077
0.88617027
0.9289099
0.9320917
0.88291675
0.10645945
0.0823509
0.9139773
0.044681937
0.029912645
0.02575238
0.026151478
0.028403275
0.031060487
0.05365317
0.039841227
0.045743354
0.8477164
0.82933104
0.054966893
0.050812278
0.0323361
0.032865006
0.037667535
0.061203722
0.85971546
0.8852037
0.932005
0.9379969
0.09719361
0.030242242
0.029034065
0.13525707
0.93455213
0.95398676
0.9689544
0.96257484
0.062476605
0.023941828
0.03203139
0.1244811
0.92698205
0.9057323
0.07883271
0.08441849
0.08692593
0.07094177
0.071607344
0.10826638
0.9107331
0.87810546
0.07888977
0.07599816
0.06632446
0.074946664
0.13016173
0.14626923
0.07123875
0.06590374
0.09640593
0.7487637
0.12263844
0.16803876
0.20942464
0.14680922
0.21178664
0.8748029
0.27412868
0.38862193
0.8487854
0.7679415
0.774552
0.34292817
0.15839276
0.10415534
0.09914834
0.13563153
0.5832059
0.54732645
0.5164778
0.5104185
0.2681114
0.23399901
0.26933128
0.5604561
0.9265473
0.91542363
