0.9208735
0.8236748
0.12127414
0.11646354
0.13907567
0.18134968
0.6480038
0.6790564
0.8442816
0.85913265
0.8114396
0.43925813
0.39041972
0.58403176
0.5649876
0.58305174
0.6411242
0.5897628
0.6063781
0.65144527
0.58123326
0.28231022
0.28545043
0.61979336
0.66486853
0.7183033
0.23405315
0.21654192
0.1649466
0.15485421
0.09486286
0.16790847
0.20937037
0.6232443
0.21695082
0.17415579
0.16005886
0.1580636
0.15358269
0.154253
0.16289122
0.20185204
0.38341042
0.7226375
0.6723506
0.6474544
0.6233929
0.20621014
0.16395648
0.17391512
0.18445235
0.22683667
0.68237597
0.21979085
0.18163237
0.17798787
0.18529712
0.24505405
0.7071957
0.23068859
0.20099539
0.18916099
0.18829569
0.2066224
0.23009245
0.19513641
0.1742557
0.19501898
0.24655767
0.3003345
0.25108784
0.1567112
0.69880396
0.6792385
0.6669663
0.7470358
0.833512
0.83247346
0.8685954
0.853262
0.14385092
0.081270926
0.07689067
0.08292333
0.14741814
0.7414228
0.10227292
0.11064643
0.21516362
0.58420223
0.608348
0.14635271
0.11267116
0.11696603
0.13998023
0.1705519
0.22276478
0.7145258
0.19655767
0.14492741
0.13623635
0.15157297
0.6726017
0.3748624
0.1963943
0.1395948
0.13305473
0.18390265
0.7406506
0.39780122
0.2108521
0.22948185
0.6454556
0.7173998
0.77913034
0.7733971
0.77654797
0.7920661
0.81000614
0.74118495
0.08633093
0.04946669
0.08851507
0.90021265
0.24574551
0.060267624
0.051006053
0.07081237
0.854812
0.8981372
0.04578574
0.03048658
0.029571135
0.043672316
0.108362086
0.91431713
0.9095019
0.15601581
0.16036871
0.83814865
0.29593375
0.88588434
0.865371
0.83570266
0.7976573
0.21231942
0.7914915
0.2223488
0.1608225
0.8407793
0.9027645
0.08344845
0.0480278
0.032649323
0.035321493
0.07147431
0.933447
0.15276532
0.046151448
0.035184585
0.034168743
0.03262951
0.032211363
0.03297028
0.034851383
0.03761465
0.040032614
0.03838568
0.03634145
0.03560972
0.03816781
0.07051346
0.8125441
0.057002533
0.039083637
0.045403175
0.07832032
0.893273
0.05919899
0.034310825
0.031618614
0.037328627
0.04364782
0.0664653
0.7696544
0.8274833
0.8985747
0.8845012
0.10219624
0.08768301
0.07099401
0.06268765
0.060702294
0.06546301
0.11513783
0.85662985
0.7943882
0.7995399
0.8318465
0.86854535
0.08106279
0.035566743
0.030562328
0.032920353
0.043412514
0.062628016
0.11768725
0.8267306
0.8589009
0.8242461
0.08326362
0.055688832
0.059504926
0.07927799
0.114077106
0.15419985
0.24656172
0.6925067
0.65569484
0.6463451
0.19651498
0.25475794
0.4188128
0.76900035
0.67659104
0.6500869
0.6450051
0.62601095
0.6652862
0.25556952
0.1444901
0.1890736
0.85739934
0.8527533
0.8893654
0.1630407
0.092460014
0.117244534
0.12843962
0.10729156
0.09949159
0.1576058
0.7760512
0.19092177
0.24287328
0.16631682
0.1675034
0.30038574
0.76539636
0.78722113
0.80008197
0.13743415
0.1269022
0.15572585
0.18116061
0.35817555
0.8778154
0.82823503
0.21706644
0.12561415
0.123346515
0.12239235
0.13087596
0.15401967
0.1842814
0.13473935
0.10161373
0.08040879
0.07807256
0.10540478
0.20002332
0.76683056
0.12846468
0.08374414
0.06683187
0.06424256
0.09053705
0.1245112
0.0718797
0.05688618
0.07246257
0.73341835
0.12720767
0.8737812
0.09650802
0.06554267
0.08423127
0.074663825
0.08346126
0.05651503
0.06330188
0.22254036
0.92783004
0.9154904
0.9319044
0.12896448
0.035026748
0.02113803
0.017811911
0.018288238
0.024699453
0.036491595
0.083013386
0.90598977
0.9130597
0.28380963
0.84325075
0.1782114
0.089072496
0.10365369
0.8779264
0.09998266
0.059779283
0.054170914
0.09419112
0.88899016
0.8499966
0.7875357
0.8050687
0.8449977
0.838452
0.855965
0.8517622
0.82541984
0.8035944
0.08714641
0.051543605
0.05166247
0.057399888
0.06871009
0.07531119
0.1278143
0.68435866
0.6147691
0.6316786
0.55588776
0.56158626
0.60054404
0.68690515
0.82930315
0.8539494
0.2652043
0.19916512
0.15990727
0.15759602
0.663724
0.27518797
0.16770907
0.1413321
0.12839152
0.14390732
0.19931512
0.7719311
0.73837715
0.8101915
0.196567
0.17643371
0.16181286
0.14996624
0.13383268
0.13637441
0.16789116
0.29801217
0.8259202
0.46699494
0.27395448
0.25311038
0.18818493
0.22497539
0.8564983
0.20036596
0.123372324
0.10329755
0.10067647
0.07892994
0.07018249
0.14053608
0.8863673
0.9260726
0.89570576
0.7810975
0.0927337
0.067074366
0.104904175
0.8546968
0.14064029
0.092367955
0.11402885
0.22066352
0.7081862
0.6553825
0.6309717
0.67193794
0.84057003
0.8471688
0.4224264
0.6675895
0.7771207
0.23360112
0.20102608
0.7488321
0.11823754
0.09527997
0.10542175
0.16955334
0.40177616
0.8372589
0.29025072
0.423928
0.7889789
0.77110547
0.09500944
0.061488234
0.051243387
0.044185467
0.041065503
0.0467637
0.08437428
0.87434185
0.8599264
0.91592246
0.91083467
0.083281
0.057161834
0.058828656
0.0783575
0.787553
0.8388664
0.2001071
0.24018879
0.42656812
0.8897591
0.9124153
0.89850247
0.84010077
0.3124052
0.2862066
0.25958344
0.8925083
0.90172493
0.12555443
0.09860396
0.05861224
0.05999745
0.7820489
0.8030073
0.8155483
0.9127385
0.92634237
0.0780434
0.055264007
0.05950177
0.08395462
0.841189
0.8870707
0.871823
0.8919559
0.8484578
0.12202057
0.11716583
0.09559862
0.1095464
0.08603047
0.123976886
0.1922425
0.29688907
0.8612018
0.82805115
0.8890644
0.8685719
0.7115361
0.6940026
0.83179826
0.22955228
0.32117727
0.3278063
0.26692006
0.86937106
0.8612511
0.11316609
0.07629392
0.64113694
0.17211707
0.8448473
0.8272385
0.8368562
0.8874121
0.86120194
0.22092606
0.68071336
0.17202954
0.22693793
0.8853859
0.8962426
0.13618225
0.097925216
0.096498795
0.11918165
0.9147914
0.9060491
0.85316825
0.81916624
0.70357746
0.61275846
0.07057389
0.054679867
0.06837745
0.10772952
0.83895683
0.815022
0.8936649
0.9151059
0.8719053
0.16663113
0.08697975
0.062309463
0.08079477
0.8966581
0.8508418
0.099681914
0.08864935
0.058386594
0.046666235
0.04507171
0.048844375
0.07071848
0.08373088
0.75932705
0.116143495
0.13149872
0.77619666
0.81099343
0.9024322
0.0819422
0.038406387
0.034654308
0.03835002
0.0603741
0.82887954
0.8382033
0.87201
0.90239644
0.8924312
0.89049095
0.900942
0.8814874
0.88840014
0.9190608
0.06382591
0.029350115
0.025317227
0.024714056
0.0401124
0.9115311
0.8989268
0.9171059
0.33438784
0.19108169
0.9271273
0.059897717
0.03666902
0.03332717
0.037495848
0.046528835
0.07995842
0.0721352
0.060671598
0.8100596
0.7775349
0.07369192
0.08202211
0.14049585
0.12677872
0.11106671
0.10991281
0.121335916
0.15653439
0.2399432
0.3659422
0.2968836
0.26188746
0.2562234
0.5623642
0.31753033
0.2225617
0.2044018
0.2367669
0.2581023
0.42897546
0.30244377
0.27753696
0.5432518
0.72168285
0.58064157
0.82493955
0.7932288
0.66245264
0.62907916
0.68848515
0.64426196
0.6315228
0.6306947
0.3829861
0.28448036
0.26708433
0.25977993
0.3387606
0.5382679
0.41815808
0.45175862
0.3303383
0.32764235
0.5859306
0.7045033
0.5687642
0.536989
0.34639364
0.2360509
0.20523767
0.18852119
0.19664158
0.24296659
0.32737517
0.34679043
0.3491866
0.23748389
0.2606813
0.77525216
0.80998075
0.7239533
0.14208132
0.17657661
0.14873396
0.115848385
0.104085036
0.1325957
0.8856493
0.87350214
0.70927703
0.68607324
0.7991082
0.7730379
0.80541116
0.74812543
0.57190627
0.42969492
0.19948977
0.18782727
0.24130581
0.3672533
0.39022848
0.41943657
0.6950692
0.6468944
0.651302
0.5117885
0.3539567
0.28548846
0.2746484
0.26355898
0.2647918
0.30873087
0.4812427
0.46363306
0.3658844
0.30959272
0.33952314
0.42130625
0.41106766
0.5433536
0.33431622
0.24315718
0.24846666
0.30238855
0.4160641
0.62134033
0.60361266
0.30782813
0.252607
0.21554606
0.1886014
0.18309951
0.19282334
0.21193957
0.24326386
0.28949788
0.43630552
0.74138314
0.5962001
0.49548504
0.4577026
0.29457924
0.22135817
0.5050088
0.33607113
0.21764481
0.19436908
0.21215105
0.27488205
0.39243087
0.34906042
0.5657525
0.5512372
0.66864586
0.29461783
0.30247945
0.65914345
0.25282863
0.18549
0.20958863
0.6461508
0.6948815
0.77786833
0.7665668
0.8341343
0.81582546
0.6774843
0.6673282
0.78017646
0.86950874
