0.8928008
0.818657
0.72132033
0.6767606
0.7325765
0.8248254
0.82735795
0.76409906
0.8060405
0.88601655
0.89047694
0.84017634
0.47692537
0.63565767
0.22795843
0.26670322
0.7372782
0.6605658
0.6574918
0.2765665
0.14267756
0.1319213
0.17393988
0.6230277
0.63611674
0.25198844
0.19655791
0.21122035
0.16256629
0.12837797
0.110964485
0.08910063
0.06442284
0.045792907
0.036568675
0.038148474
0.12522228
0.8265873
0.82713866
0.82524246
0.062842175
0.03402751
0.037608538
0.032803908
0.027897943
0.028472975
0.033831418
0.03767081
0.04456923
0.055216793
0.056384593
0.06421983
0.0752531
0.05310018
0.051626693
0.08653043
0.7789503
0.7342715
0.766955
0.18194176
0.17143464
0.6087146
0.27229983
0.64875835
0.33746448
0.2142884
0.6485406
0.23774041
0.316617
0.85060096
0.36657736
0.14445814
0.11437818
0.10387288
0.11986944
0.19561355
0.79335153
0.33630043
0.5355211
0.8398731
0.23170094
0.2135823
0.22424798
0.21885763
0.24209657
0.217183
0.59224284
0.24212326
0.24813727
0.26202115
0.26894048
0.23140115
0.19128068
0.17329162
0.16665219
0.19774444
0.2999414
0.7151953
0.63699585
0.23178999
0.20855494
0.23312199
0.32953277
0.7031832
0.30266288
0.21841063
0.19101715
0.21224758
0.5881897
0.6605157
0.5733176
0.25478727
0.23233403
0.32157627
0.71406347
0.65555334
0.6356082
0.65638673
0.67955315
0.60585207
0.23300387
0.1802561
0.26095006
0.75507635
0.7580247
0.22655815
0.19301635
0.23362958
0.28205746
0.70716023
0.64771
0.6409551
0.62544405
0.3223991
0.24887767
0.29204115
0.26894048
0.26894048
0.26894048
0.26587385
0.23601978
0.27505326
0.22127041
0.17678209
0.21804635
0.6603374
0.65464693
0.75395226
0.71810347
0.2671043
0.272608
0.2046654
0.1937835
0.14189076
0.1239734
0.17352064
0.44507352
0.857793
0.80345863
0.7429406
0.13647346
0.052284498
0.048381228
0.04694315
0.05530564
0.06267891
0.072107084
0.13541357
0.67976403
0.6920241
0.6976337
0.23465851
0.14410056
0.1493504
0.16812886
0.18567099
0.20827067
0.25116858
0.17680727
0.19529097
0.6751348
0.63505644
0.17874648
0.14499037
0.16812022
0.20221686
0.75622445
0.2219143
0.23281167
0.7789767
0.21322401
0.15652083
0.16102776
0.17659625
0.20610334
0.32760313
0.71260655
0.19797067
0.27236146
0.8022478
0.71119815
0.13294432
0.08454684
0.06596981
0.061871983
0.07003315
0.07616611
0.12827288
0.8463021
0.7928948
0.09736427
0.05018681
0.0482594
0.066098675
0.09859077
0.12502474
0.22689864
0.769309
0.7382683
0.74928063
0.15261929
0.1583739
0.31457326
0.8790129
0.8329103
0.8148338
0.79055387
0.76257914
0.76505953
0.15908976
0.08257171
0.0997047
0.8950856
0.8972065
0.93181026
0.110091984
0.06430534
0.064973496
0.056006048
0.038708605
0.038253784
0.054453645
0.044185907
0.044184357
0.06026189
0.050361615
0.08004604
0.8549198
0.18524282
0.2649848
0.72540325
0.71050376
0.72638994
0.7499109
0.80679846
0.88888776
0.90373117
0.8768167
0.88811004
0.78871477
0.067397326
0.039525867
0.041830003
0.065362886
0.87380767
0.8360748
0.075246684
0.040417846
0.032028884
0.031162992
0.067413315
0.90730304
0.05519256
0.029661262
0.023669373
0.022711776
0.028800633
0.044038016
0.029128518
0.02560204
0.036578257
0.81744814
0.09659064
0.9196692
0.055327944
0.035137948
0.04290102
0.038894624
0.046890818
0.03650023
0.048226856
0.20522921
0.936439
0.92367995
0.94180423
0.13177472
0.03404383
0.019784119
0.016823959
0.017157407
0.023980439
0.03703605
0.08841293
0.8996676
0.91499
0.2574966
0.8491838
0.15410283
0.069688655
0.08385166
0.88345486
0.06733221
0.033459578
0.029559957
0.06180871
0.92491674
0.90245956
0.8272219
0.84595615
0.8977922
0.8996788
0.92235404
0.9105189
0.896537
0.89973015
0.054203123
0.030305406
0.027255908
0.0283166
0.031090848
0.038291574
0.05437669
0.77818656
0.7875341
0.8382581
0.107458055
0.07116971
0.08800743
0.15940452
0.848633
0.3833634
0.22366755
0.74421656
0.17473505
0.13931711
0.72840524
0.21842389
0.10710795
0.08987792
0.10086792
0.14408867
0.26734465
0.7935861
0.31115115
0.3276538
0.20409185
0.15556933
0.48222724
0.42218146
0.143044
0.15030514
0.22663611
0.7260898
0.8581319
0.8787646
0.107359044
0.1015845
0.7417106
0.0902319
0.08776055
0.06299084
0.044542775
0.0403121
0.04194664
0.03409338
0.026776953
0.056600578
0.9377917
0.95691067
0.9439974
0.899191
0.05511616
0.043845855
0.07175198
0.8549115
0.14174728
0.09028656
0.10201918
0.19776602
0.7025196
0.66809464
0.2700253
0.3191157
0.8551988
0.8430445
0.1727785
0.2247589
0.19976354
0.11431331
0.08805871
0.0892737
0.05526079
0.042011227
0.90100336
0.93389165
0.9650455
0.9627923
0.11768382
0.08341434
0.058948386
0.048277535
0.049992643
0.06250745
0.067251384
0.07555141
0.08708492
0.10508634
0.16212147
0.27428165
0.7790077
0.8650608
0.8523177
0.1372103
0.10275172
0.107375205
0.13712773
0.7752627
0.8248448
0.240893
0.2948951
0.44335333
0.8191581
0.8657206
0.8566046
0.7790662
0.5395258
0.54406524
0.45974952
0.8329209
0.829615
0.32219055
0.2949314
0.15912685
0.12938543
0.6072954
0.72366786
0.76045644
0.8601206
0.8683559
0.10549787
0.076328166
0.08275705
0.104734845
0.79688764
0.8389043
0.8241882
0.85127443
0.7973633
0.19747895
0.22079434
0.1652848
0.14403242
0.10903423
0.103604764
0.10842184
0.20667838
0.87103385
0.85890365
0.90146095
0.88703674
0.76104903
0.73192483
0.84555507
0.8249646
0.87789416
0.87868613
0.8524614
0.8598014
0.8306951
0.16354424
0.114942536
0.10071936
0.16267726
0.7177542
0.67118275
0.68794405
0.77338326
0.5327155
0.34664863
0.25170138
0.26194757
0.33821297
0.48453373
0.48279014
0.34121478
0.3266267
0.33313197
0.33508524
0.40751117
0.77411103
0.7293147
0.6875892
0.57358396
0.5183837
0.11748264
0.10597932
0.12145062
0.17600544
0.8232688
0.83130926
0.88303035
0.88295263
0.8266678
0.84715444
0.7405223
0.64018357
0.69440335
0.85332406
0.18117985
0.17496009
0.8943981
0.09362432
0.07358492
0.07073361
0.07797936
0.08851136
0.06755372
0.0732604
0.76920503
0.7439972
0.69304174
0.7269222
0.8339671
0.12018536
0.06745048
0.06412675
0.07564489
0.62402767
0.08041097
0.08075522
0.1473203
0.8276568
0.12944074
0.16234079
0.83615816
0.84270567
0.8697699
0.91170514
0.8826739
0.095559314
0.075878404
0.06760708
0.0742315
0.13389671
0.20321476
0.9124711
0.92946166
0.1623862
0.13679363
0.10837996
0.6762752
0.0474828
0.039332222
0.040285602
0.049739018
0.047213994
0.056909464
0.87121767
0.848631
0.84675336
0.11625586
0.108017236
0.07469556
0.056204204
0.05788183
0.080687985
0.73070264
0.77105767
0.7564236
0.08859732
0.08173514
0.06572584
0.062258825
0.071738236
0.07677193
0.08773505
0.111757874
0.116293386
0.71324974
0.78359765
0.8102102
0.36112064
0.38903674
0.38229296
0.54362607
0.84419805
0.8299187
0.83704656
0.85799426
0.8353876
0.8312975
0.8241265
0.7723643
0.72350687
0.1718264
0.12577693
0.14338508
0.1586141
0.80045503
0.8685472
0.877364
0.078942105
0.07481782
0.083776884
0.07445418
0.07569238
0.06322849
0.05036177
0.039477777
0.036745887
0.048158776
0.8066042
0.08643319
0.062011193
0.10704706
0.77326775
0.83759093
0.92247343
0.9306592
0.14506593
0.10331505
0.89524627
0.036748372
0.028095491
0.033180226
0.10390501
0.93288785
0.9362856
0.8887689
0.8855676
0.9157518
0.8936236
0.8923158
0.84452266
0.13919915
0.6394986
0.061746247
0.05735257
0.090171516
0.86275214
0.088482164
0.06831922
0.09604574
0.104595825
0.19491735
0.808608
0.10354294
0.07801705
0.079181805
0.08206925
0.10235468
0.15352432
0.5850528
0.15256402
0.16356537
0.19435742
0.3075918
0.6601746
0.29604274
0.27178508
0.26850158
0.26589283
0.4477106
0.41977653
0.4827332
0.57918006
0.3640999
0.30507857
0.43321618
0.3837544
0.27221072
0.22175622
0.22353384
0.24759264
0.30029064
0.47497615
0.5059362
0.6978348
0.5525146
0.44654393
0.46774605
0.3410682
0.49344403
0.29191038
0.24606238
0.21262428
0.22141533
0.26325595
0.3718092
0.6860527
0.4618976
0.38145205
0.46179512
0.5866475
0.49321443
0.41933802
0.65088576
0.27717686
0.1825356
0.18478838
0.21922287
0.36705133
0.7609039
0.40786946
0.5609775
0.7392496
0.3677629
0.4656276
0.8352422
0.8541837
