0.8934764
0.8151827
0.7035048
0.61557996
0.59477556
0.6204024
0.73378533
0.38945845
0.4124067
0.8372232
0.8213417
0.7397115
0.70046467
0.20679204
0.16686392
0.71270996
0.7824564
0.7139458
0.7506768
0.8622089
0.12059111
0.07948928
0.08045559
0.08669403
0.106264375
0.12387419
0.12350159
0.13778012
0.08871772
0.0756856
0.09534434
0.7210718
0.0725329
0.06445152
0.06923007
0.090365045
0.77055156
0.7515943
0.08619154
0.049775206
0.044708185
0.06925128
0.14355454
0.267016
0.8680442
0.8516273
0.823173
0.8072592
0.087353766
0.06350638
0.07724494
0.12938973
0.82305235
0.1437993
0.10156551
0.760816
0.7941598
0.119449034
0.09860962
0.06368712
0.067098826
0.7556998
0.092065684
0.13952439
0.88858765
0.874838
0.10293115
0.09322586
0.120054774
0.17155921
0.14337462
0.081497364
0.06788382
0.060072295
0.11047413
0.3666984
0.52835995
0.44741032
0.88191676
0.8626831
0.20835203
0.20529126
0.6730107
0.17989415
0.21385494
0.16534701
0.16319112
0.55015606
0.1967508
0.17931943
0.16445199
0.15045266
0.14464565
0.14865129
0.1547402
0.18083726
0.2593014
0.69736725
0.24363159
0.17156723
0.15260155
0.17656805
0.66977435
0.42333704
0.24831223
0.1768632
0.16051605
0.2023099
0.73048663
0.4008479
0.21772952
0.2332678
0.6498346
0.7158747
0.7806473
0.77496266
0.78169525
0.79809934
0.8127673
0.7429615
0.094851464
0.05188973
0.08808862
0.89896005
0.24124295
0.05784954
0.048236687
0.06515319
0.8606442
0.90190774
0.04338221
0.027860435
0.025940074
0.03267343
0.07985279
0.9186317
0.2300132
0.078910716
0.11344797
0.87213457
0.3275104
0.91088897
0.902389
0.88301075
0.8540046
0.16869436
0.8350778
0.12520951
0.07490256
0.11446216
0.9059726
0.06684488
0.04392361
0.030431017
0.032584254
0.060949303
0.9362337
0.14840204
0.045084555
0.03484558
0.03378419
0.032518435
0.032575082
0.033678196
0.03545756
0.038254697
0.040966723
0.038951084
0.036520608
0.03602411
0.039766543
0.07679978
0.80812895
0.06507657
0.04134409
0.04914131
0.08576736
0.86889213
0.078794226
0.05268284
0.050551906
0.076627776
0.6984153
0.6814784
0.7132834
0.7774663
0.86293
0.8675153
0.124957465
0.10111072
0.07645661
0.06385449
0.06006608
0.06499415
0.109160595
0.86039156
0.8045995
0.810509
0.84180677
0.8729432
0.07812857
0.03687153
0.03084419
0.033610046
0.0444762
0.063264236
0.12008432
0.805983
0.8430546
0.8009514
0.08076722
0.049091894
0.050700914
0.069539584
0.09200621
0.11996089
0.8568646
0.11796592
0.12428778
0.27889407
0.75063646
0.12454049
0.13812679
0.17305233
0.09876826
0.06416222
0.055983476
0.08308637
0.7631798
0.78992563
0.7408986
0.7597068
0.84152734
0.21201906
0.28238636
0.24700032
0.22190519
0.8890466
0.8853344
0.78674656
0.7292773
0.8406006
0.11236121
0.076220356
0.19986995
0.83179027
0.08492688
0.06951267
0.049612176
0.057262212
0.16575071
0.90763384
0.9148161
0.91854966
0.9251838
0.18314491
0.057334647
0.025752405
0.01974937
0.018408427
0.020386301
0.023290217
0.028878666
0.043572165
0.0775204
0.062652275
0.05776716
0.80972856
0.77582216
0.76411086
0.8381855
0.9045551
0.06599878
0.04592753
0.042716533
0.05053519
0.07083848
0.095500864
0.0775586
0.83275133
0.08415916
0.07205015
0.09264982
0.8842925
0.09310256
0.071362585
0.084328644
0.06531518
0.06504181
0.090101436
0.76320803
0.84902316
0.097487524
0.10348714
0.11900866
0.10722814
0.10336276
0.7811774
0.08841997
0.069695644
0.12660809
0.7925052
0.8369466
0.8916912
0.88705164
0.15041219
0.069618165
0.10792501
0.8478738
0.07245853
0.067871235
0.053172015
0.044784512
0.051616978
0.8880706
0.91070753
0.9079648
0.8636803
0.8663614
0.9072756
0.89892673
0.9224052
0.51801395
0.33561498
0.86877996
0.16791739
0.14412357
0.106956385
0.08691509
0.07538283
0.066722356
0.06792072
0.10311211
0.688144
0.74493545
0.12812008
0.1096928
0.12268681
0.18662378
0.34294534
0.38605127
0.7307835
0.2574728
0.24199153
0.22569822
0.20172226
0.21516834
0.13872163
0.14454088
0.5930443
0.55792433
0.6260603
0.7741882
0.31015936
0.31245318
0.2014194
0.15944637
0.67133015
0.1569612
0.0842038
0.0856234
0.11173796
0.15434988
0.86928236
0.88026565
0.090733156
0.052208528
0.06579736
0.79064655
0.8916838
0.12379706
0.05148239
0.041787915
0.042647347
0.03819646
0.03934725
0.048786692
0.060534243
0.112195835
0.12049383
0.10206998
0.7909163
0.7973797
0.82812595
0.8901361
0.8534717
0.814801
0.79961294
0.8410963
0.11106205
0.10190505
0.097928606
0.12591578
0.9166008
0.92659014
0.034085035
0.024282338
0.027381254
0.0231195
0.022212071
0.0235702
0.020474639
0.021758638
0.94611025
0.9592922
0.97379637
0.966155
0.0954803
0.037025735
0.02254028
0.01751146
0.019254243
0.040928435
0.8384461
0.7898488
0.7545547
0.06541433
0.07961104
0.89166415
0.90431213
0.93971306
0.20508221
0.054778073
0.040336408
0.039456245
0.039385855
0.04869168
0.09340955
0.37249026
0.46276432
0.44575816
0.87209284
0.91364014
0.90445495
0.8410633
0.2963829
0.3793909
0.31229293
0.9018207
0.9330728
0.056568705
0.045526214
0.03975604
0.032413162
0.03481791
0.043186616
0.044535436
0.050836895
0.046716318
0.035490643
0.043617807
0.9159577
0.92555046
0.93629724
0.9590535
0.07533462
0.04317788
0.033475112
0.03166667
0.03231374
0.026640799
0.023336077
0.021371804
0.02200391
0.033484016
0.07516102
0.9102968
0.8734093
0.8840161
0.8708726
0.77384126
0.76761705
0.86338115
0.86040896
0.9066273
0.91116285
0.8930171
0.9104011
0.905932
0.095588915
0.07504125
0.07099073
0.093412034
0.20529701
0.25944123
0.2897372
0.4534157
0.78833944
0.22892672
0.1601123
0.1824231
0.27821368
0.8182534
0.8246346
0.28174204
0.23480612
0.20933145
0.2162796
0.30308628
0.3639832
0.3238738
0.82120675
0.3130304
0.14388423
0.080357604
0.06790228
0.07687074
0.12397418
0.8789605
0.882653
0.931781
0.92416596
0.09262365
0.09393266
0.073158406
0.064182416
0.09775596
0.9176025
0.86037093
0.067624405
0.08300491
0.058708794
0.0408619
0.034660477
0.03584553
0.04280704
0.036950387
0.031248987
0.03403447
0.059410762
0.85606486
0.8371684
0.9098971
0.077994145
0.03666994
0.0343317
0.038893215
0.06195474
0.819926
0.83814734
0.877651
0.90730447
0.8986702
0.89757186
0.90861666
0.8925732
0.9003048
0.9195685
0.068870075
0.032879606
0.028866703
0.028316732
0.04660691
0.9092327
0.9057048
0.920183
0.25958732
0.16668953
0.16302201
0.12413384
0.120209225
0.12138384
0.137783
0.18252596
0.28605372
0.23062485
0.1558201
0.61341715
0.5862383
0.1464591
0.15389091
0.26076543
0.20246588
0.14070301
0.11153534
0.095560074
0.087895475
0.08749437
0.09255026
0.10565781
0.118515745
0.11372279
0.10566893
0.12272033
0.7277706
0.688154
0.082864076
0.04960097
0.05307178
0.0585713
0.074212365
0.090608686
0.18362199
0.25898075
0.47384053
0.8460743
0.80545413
0.8030203
0.84305036
0.8348393
0.24830173
0.18114054
0.1042137
0.06857081
0.09922231
0.16614121
0.81196517
0.2205286
0.17850094
0.19907926
0.10131465
0.04723441
0.047083445
0.057338256
0.056462236
0.06132213
0.049092356
0.042352125
0.04409251
0.73555946
0.03332772
0.029744264
0.035258524
0.058671217
0.8924486
0.081922784
0.10391795
0.9267623
0.9235457
0.093817525
0.0725863
0.90444267
0.04826873
0.03302905
0.03700668
0.07859625
0.09054705
0.07462016
0.058019795
0.85306066
0.9129148
0.9243655
0.9515773
0.14609227
0.026660914
0.021418769
0.018034985
0.017519651
0.019577246
0.023819651
0.023019653
0.09747951
0.9665631
0.9625603
0.9609887
0.9391147
0.034664776
0.01918602
0.015827337
0.016252581
0.018404905
0.021071838
0.022253817
0.025216257
0.044367187
0.86768305
0.8360376
0.8668122
0.095564134
0.08111527
0.07782397
0.081925504
0.097581245
0.80877626
0.13573167
0.09898246
0.05853519
0.05655793
0.7240314
0.71236074
0.65440255
0.07178829
0.058687013
0.05952013
0.07044318
0.099859454
0.21447675
0.84808147
0.7562087
0.24974099
0.28043097
0.21770234
0.20071338
0.18525195
0.19578287
0.18217161
0.19427931
0.254582
0.52183527
0.6588324
0.51647156
0.37606326
0.34883547
0.38572982
0.32228687
0.38734624
0.66543096
0.29250428
0.20234011
0.22208382
0.26365095
0.6096825
0.5345162
0.47475907
0.80984306
0.7761252
0.31994757
0.3052309
0.42570195
0.8097371
