0.927579
0.8668336
0.10807647
0.07851519
0.072280526
0.0820369
0.10413989
0.16051333
0.78666276
0.8686728
0.8419316
0.5259086
0.38490504
0.70248204
0.77380574
0.70514166
0.7240243
0.625409
0.615831
0.68667936
0.6392159
0.26152623
0.30723566
0.74646455
0.14443922
0.094255745
0.07264108
0.08065067
0.065813735
0.05618696
0.047273252
0.037673537
0.028581562
0.021046339
0.015937189
0.01722154
0.04314194
0.89847803
0.88699967
0.88286334
0.059481025
0.03562397
0.03536809
0.029712418
0.026693463
0.027639113
0.034245037
0.03958597
0.047957383
0.062250823
0.07619428
0.09632563
0.16337596
0.08117154
0.080439396
0.08209955
0.08367121
0.08946086
0.10229371
0.089278735
0.12115534
0.74142146
0.14529917
0.13119589
0.21160465
0.71845853
0.7335234
0.7290842
0.16596957
0.23820211
0.23940057
0.14385128
0.80698985
0.80109876
0.81342226
0.8590898
0.9015708
0.89722914
0.93220586
0.9388207
0.08469946
0.036296442
0.029035099
0.025252135
0.025194464
0.025937224
0.032621063
0.8561391
0.0665186
0.040575556
0.037607733
0.035841864
0.037596475
0.044317257
0.053883202
0.089237146
0.70427424
0.34131795
0.17383154
0.14733307
0.13384533
0.13833483
0.20720428
0.809146
0.15429842
0.1131179
0.10368325
0.12276113
0.7324529
0.77827054
0.66825384
0.118018776
0.09059683
0.16998826
0.8116782
0.7600051
0.758943
0.77366775
0.7924872
0.7164776
0.1381791
0.121951416
0.17956364
0.82842684
0.33494943
0.10531967
0.07796668
0.1029897
0.7999553
0.85603255
0.05935318
0.0413796
0.040863756
0.064514264
0.13046712
0.9094109
0.8971813
0.16653414
0.16910772
0.81311655
0.2946969
0.8588734
0.8385892
0.81278163
0.7752703
0.22218615
0.76855594
0.24704544
0.17946771
0.8240636
0.8908423
0.091399044
0.05420073
0.03648249
0.041164342
0.08459028
0.91154206
0.18735091
0.060432427
0.04469179
0.037059035
0.03303134
0.029614719
0.029878447
0.04399631
0.8388545
0.07476737
0.042841364
0.039438535
0.042405117
0.050459675
0.091635615
0.6175784
0.1099514
0.09522887
0.10076883
0.13989829
0.7815789
0.11868312
0.09375343
0.08582758
0.079693004
0.07927131
0.08538583
0.12528238
0.814248
0.85344255
0.77909833
0.16024628
0.12756476
0.08987984
0.06505573
0.053058434
0.05548652
0.12924877
0.89843774
0.86832094
0.8657055
0.87031287
0.89596456
0.090166785
0.044790488
0.033333585
0.03570183
0.04546627
0.05879545
0.11755942
0.7652105
0.7863644
0.7525688
0.054873355
0.032468937
0.030914107
0.03882524
0.05166689
0.08171267
0.9009039
0.07077335
0.07048234
0.20104289
0.81964135
0.076787844
0.07395784
0.094041295
0.059357394
0.045127165
0.041152447
0.058336776
0.8225288
0.8351622
0.7937322
0.80647194
0.8658016
0.19207291
0.25673133
0.20917931
0.19299363
0.89806396
0.8936963
0.79434675
0.7408553
0.8521457
0.09166988
0.06194174
0.18378004
0.83957696
0.074609905
0.057761796
0.04140538
0.050121076
0.15837762
0.91360015
0.9232382
0.9227781
0.93091273
0.18222103
0.056801487
0.027019186
0.021029368
0.019683493
0.02234249
0.025166608
0.029737087
0.04133947
0.07171024
0.056310948
0.050772358
0.8365848
0.79158586
0.75457126
0.81209064
0.87380844
0.07196516
0.054291863
0.054297887
0.06861278
0.10054194
0.14355811
0.10673552
0.7849842
0.12295346
0.09916215
0.13607188
0.8141958
0.14439613
0.11372494
0.13399719
0.08550112
0.07168215
0.10212249
0.6972151
0.7445712
0.07647983
0.09005228
0.1132183
0.1053945
0.11084953
0.83026916
0.10054923
0.06415868
0.12458801
0.87771034
0.9064821
0.9378078
0.9241686
0.12434098
0.08948888
0.17538443
0.7622354
0.15701973
0.1840666
0.13194777
0.10074703
0.12489945
0.6622067
0.81052226
0.799176
0.730011
0.76911336
0.8269918
0.8196927
0.8515883
0.84591657
0.8037664
0.24694961
0.1485781
0.1386909
0.20008188
0.19503471
0.16997597
0.15910152
0.5485342
0.13753216
0.14852002
0.2547848
0.17982058
0.6547586
0.67884773
0.76114726
0.859121
0.8530324
0.8128828
0.120993875
0.08569226
0.08160863
0.1255397
0.83509916
0.08602935
0.0485986
0.042573974
0.05220157
0.087849095
0.150596
0.14027058
0.14953563
0.10666586
0.13133818
0.3047431
0.3608915
0.6488142
0.1729233
0.22176784
0.76385796
0.9106831
0.9276278
0.88929945
0.90099263
0.088059984
0.07309132
0.084340796
0.072857715
0.07457519
0.75554097
0.79933465
0.078577004
0.08504169
0.14021118
0.775157
0.860762
0.3131505
0.14979002
0.12520932
0.12329432
0.15083717
0.31250936
0.67531186
0.6245002
0.21717954
0.26972976
0.23763524
0.27315113
0.63739794
0.6524387
0.80800986
0.7989264
0.25962177
0.26358455
0.76292056
0.20930527
0.16757628
0.18373978
0.16760437
0.16574773
0.20601635
0.29986194
0.84559554
0.8485698
0.77095777
0.7893048
0.68810296
0.6241658
0.59544593
0.17526186
0.08599298
0.07130348
0.07890779
0.10961874
0.7249824
0.82942814
0.8136507
0.8916655
0.8905195
0.10738556
0.07003296
0.06919261
0.087828785
0.77379817
0.8298659
0.20968549
0.25069922
0.43412268
0.8791611
0.9048398
0.8895437
0.826987
0.32766408
0.29945418
0.2629467
0.8869468
0.8969871
0.13603745
0.10679739
0.0621602
0.062258225
0.7767058
0.797918
0.8124927
0.910682
0.92348826
0.08168961
0.05894086
0.06227616
0.084989734
0.83556885
0.8816009
0.8650254
0.88685584
0.8429915
0.12729977
0.11663627
0.09314187
0.103307344
0.07836487
0.113186404
0.16964284
0.28123003
0.87819546
0.86169565
0.8972328
0.8696261
0.7435044
0.719562
0.8301185
0.81295145
0.85779953
0.86418736
0.84777224
0.86679894
0.8550037
0.11444321
0.0741767
0.07025471
0.099565476
0.8487018
0.80686945
0.76486933
0.4626773
0.3983537
0.26405638
0.6608701
0.66539586
0.72236466
0.84284586
0.8528318
0.2693569
0.34676316
0.36585593
0.80695766
0.8850323
0.9071445
0.8742335
0.89134234
0.84235847
0.8197581
0.03745315
0.02358711
0.024937883
0.034964
0.08720207
0.12049032
0.9255356
0.9281646
0.11289755
0.105461895
0.053644203
0.042037208
0.058515444
0.9125279
0.8679097
0.07364003
0.06622124
0.040777143
0.030723456
0.028430998
0.030783365
0.037432253
0.03411545
0.031546276
0.034259245
0.0626037
0.84651387
0.834602
0.9131588
0.07937871
0.03597143
0.032785185
0.036666088
0.05993263
0.8251845
0.8448251
0.8841983
0.91285807
0.9044965
0.90296996
0.9121342
0.8970371
0.90472233
0.9255293
0.064082734
0.0274763
0.023229247
0.02209507
0.037784386
0.92914355
0.9230976
0.9379339
0.16253626
0.0661567
0.059683044
0.04260905
0.040077604
0.038728535
0.040683303
0.050205965
0.08392914
0.07438915
0.066502035
0.786319
0.75011903
0.09594055
0.0885663
0.12900928
0.10661662
0.103624284
0.7003519
0.66466796
0.631004
0.632951
0.61291736
0.1630509
0.14366004
0.13310146
0.1388597
0.18119967
0.22086248
0.5562023
0.5293642
0.18180048
0.12938485
0.132111
0.16633216
0.3037017
0.72835416
0.7377598
0.79236513
0.7719058
0.67112094
0.6416932
0.7048805
0.665721
0.6613679
0.6677851
0.3743895
0.26159373
0.24705838
0.23117541
0.24997765
0.27524027
0.37002915
0.6663303
0.3420985
0.31830683
0.53031355
0.6020793
0.3805907
0.32264885
0.27392095
0.27158976
0.24350901
0.21893486
0.21220237
0.24203211
0.3576235
0.6201766
0.48946136
0.37239632
0.38007766
0.7687417
0.7590967
0.6280018
0.29199132
0.33669558
0.24541464
0.19098614
0.18202277
0.7043144
0.7861411
0.5689478
0.4916966
0.6537392
0.49646816
0.5070492
0.8959129
0.2667136
0.074929625
0.0691372
0.07120083
0.07042497
0.07782345
0.088351145
0.0692339
0.071239196
0.88688904
0.87778795
0.8821391
0.8354495
0.08622624
0.05614274
0.04916343
0.048836477
0.057403702
0.080220915
0.100552656
0.11065081
0.11226801
0.10719144
0.11238781
0.082558334
0.057086974
0.049244635
0.04574176
0.0398762
0.04510484
0.08288243
0.8807765
0.87610674
0.779102
0.77375317
0.07650572
0.044011336
0.049239468
0.84525746
0.05717577
0.04575406
0.03090773
0.027149796
0.08675296
0.95019764
0.9569577
0.9507598
0.9472414
0.04769097
0.024636505
0.021009605
0.022708701
0.026145546
0.030276187
0.044737127
0.09034105
0.8713796
0.7872381
0.75297844
0.74848884
0.24745993
0.17035173
0.15981355
0.19646122
0.13430803
0.12009716
0.14048514
0.16427863
0.2830977
0.87025654
0.8189079
0.82588565
0.8054937
0.7340069
0.7681774
0.852467
0.75419116
