0.9069733
0.44683525
0.2391276
0.26149973
0.71899784
0.7875088
0.43357256
0.3116935
0.70565724
0.85159194
0.87315613
0.8396872
0.28078887
0.2366885
0.35128593
0.694649
0.3062016
0.19413361
0.20166427
0.74500173
0.12312514
0.1019581
0.660084
0.7101685
0.1989118
0.14603136
0.11384403
0.12276852
0.0705017
0.053417962
0.047090027
0.038562257
0.02962466
0.02188774
0.017718174
0.01921033
0.052054904
0.88793415
0.88402605
0.88022745
0.065475635
0.03872633
0.038385138
0.03175299
0.027485391
0.028350273
0.034379367
0.03932718
0.046975847
0.061420575
0.07699122
0.10239518
0.19638559
0.124518156
0.15672529
0.19576909
0.19909383
0.1954277
0.19672455
0.17904583
0.6457388
0.59074986
0.29368642
0.6269189
0.72391474
0.3198948
0.6296395
0.6665496
0.7258655
0.81141675
0.81163317
0.7259876
0.6821292
0.67968565
0.28636438
0.62471694
0.80959916
0.3775343
0.8918107
0.8981953
0.14560647
0.08349579
0.0607755
0.055121448
0.06202163
0.048176933
0.058394596
0.71608365
0.7091912
0.68090266
0.70319706
0.6951128
0.676002
0.13551922
0.104051
0.1296416
0.61687833
0.2520599
0.16554491
0.13136847
0.11871411
0.12907518
0.19163202
0.78236383
0.15374672
0.10924982
0.104197435
0.12435488
0.7071301
0.7564527
0.6533726
0.14441672
0.10874107
0.19625586
0.8050602
0.7596656
0.75742215
0.7715811
0.789612
0.7064581
0.1436455
0.12405916
0.1823478
0.8261212
0.34478974
0.110835366
0.07604803
0.10401698
0.7937817
0.85297626
0.05853813
0.04047179
0.040116586
0.06501194
0.12886018
0.9094735
0.89793724
0.16674364
0.1690114
0.8156533
0.29407433
0.8616822
0.8408852
0.81587833
0.77629346
0.223195
0.7699893
0.24432485
0.17622148
0.8250907
0.8922939
0.08937785
0.05179864
0.034626625
0.038763802
0.082082875
0.91681343
0.17485921
0.054991174
0.041739583
0.037167888
0.034173604
0.031787667
0.030830609
0.044920623
0.8617177
0.07129044
0.038771592
0.034045205
0.03682606
0.0513967
0.084359154
0.6682115
0.09317756
0.07957965
0.12805647
0.16224909
0.21607372
0.13432981
0.15015543
0.59409946
0.6266442
0.12899542
0.114255026
0.12507384
0.14728814
0.7939521
0.15849425
0.18094777
0.8017775
0.16160347
0.13286877
0.1354315
0.15540586
0.19031273
0.31663197
0.71490926
0.19494842
0.27813315
0.79956084
0.70147955
0.13859062
0.0957844
0.076668136
0.07372095
0.08289261
0.089295715
0.13813575
0.82852453
0.77909464
0.10332629
0.057827584
0.054697458
0.07484148
0.109041326
0.1334604
0.22923797
0.7616504
0.7310396
0.7419746
0.15401424
0.16323563
0.3203014
0.8751334
0.8275639
0.81152356
0.7875463
0.760644
0.7608866
0.16121766
0.084425054
0.100752935
0.8937922
0.8983039
0.93333936
0.106788024
0.06324828
0.0648544
0.056937214
0.038782716
0.037810832
0.053104166
0.04333037
0.043986004
0.05958547
0.05081165
0.07903463
0.85556495
0.19306344
0.28702962
0.6962672
0.6943718
0.7077864
0.73000264
0.788368
0.88531655
0.89999264
0.86371714
0.87917566
0.78378755
0.069760695
0.037152827
0.038245544
0.06346126
0.85478926
0.80553496
0.07304961
0.042778913
0.033263393
0.032624867
0.068926
0.9032135
0.05627189
0.029640835
0.023856696
0.023057584
0.029450277
0.04610295
0.029761327
0.026086919
0.037225265
0.8178775
0.09761437
0.91956306
0.056627482
0.03523347
0.04331745
0.038987454
0.047045644
0.036570303
0.04821425
0.20511495
0.9364304
0.9235924
0.9417199
0.13170993
0.03403588
0.019788511
0.016825097
0.017167784
0.024026036
0.037161406
0.08881658
0.8991234
0.9144774
0.25793338
0.8486039
0.15476294
0.07009692
0.084515624
0.88252944
0.06824477
0.033927906
0.030016363
0.06353168
0.9245059
0.9008815
0.82556623
0.84430295
0.8965784
0.8990954
0.92191786
0.9106463
0.8974481
0.8995525
0.057957023
0.032964353
0.030085143
0.03283309
0.037470505
0.0454587
0.060690984
0.7371139
0.75236344
0.8055745
0.13862973
0.09823094
0.12825401
0.21519989
0.8013853
0.42497432
0.29222736
0.6567174
0.23024301
0.20463681
0.6259931
0.30395976
0.17555632
0.14151002
0.14346164
0.18084005
0.2948476
0.7876067
0.34264585
0.34470844
0.20054322
0.14482576
0.5904443
0.5459964
0.12425747
0.111404285
0.164367
0.3322711
0.8941257
0.9080278
0.03272631
0.029610727
0.03611924
0.045515127
0.05819928
0.054588743
0.04856624
0.046093248
0.049542002
0.03854558
0.032137197
0.06141501
0.934742
0.9535933
0.9380068
0.89368176
0.055506434
0.042899594
0.06944449
0.8639979
0.12258928
0.07553626
0.08594006
0.13279073
0.14459172
0.14956135
0.19454281
0.8367791
0.9027955
0.8834817
0.19849531
0.24447264
0.16185886
0.099106595
0.0944447
0.12667838
0.09020713
0.0723824
0.8245697
0.85771227
0.92683303
0.9447564
0.14524934
0.13207276
0.11173381
0.08277514
0.07310377
0.09279429
0.13729885
0.09421679
0.0834999
0.09067481
0.13291264
0.88285875
0.84908766
0.9206836
0.9117542
0.09164363
0.06744799
0.067762434
0.08876813
0.77256256
0.82730865
0.19222167
0.23937988
0.42165548
0.86340284
0.89535165
0.88166964
0.81776196
0.3437145
0.33697465
0.27495468
0.89074403
0.891506
0.13797559
0.12000669
0.074528605
0.06511335
0.77299994
0.8025575
0.81362695
0.91195214
0.923832
0.07410469
0.055947877
0.061079193
0.08272617
0.8239339
0.8751837
0.85711414
0.87195843
0.836882
0.13542703
0.118261755
0.09180665
0.08330733
0.08064509
0.10971799
0.14242272
0.72705436
0.80513126
0.7916392
0.8923391
0.8845175
0.7406374
0.70486873
0.84118164
0.2634251
0.35477778
0.35882664
0.29340726
0.85479784
0.8409037
0.12592377
0.09129424
0.6148965
0.17404252
0.82187843
0.8005775
0.81184065
0.8666754
0.83891165
0.25152716
0.6757076
0.20538169
0.24308662
0.8730276
0.8802706
0.15058878
0.12261177
0.11898933
0.13675918
0.8896891
0.8808362
0.82752204
0.8406386
0.76767653
0.73833156
0.7735654
0.12672696
0.10293847
0.1379143
0.8462681
0.8334347
0.9057575
0.9193535
0.8997777
0.17405106
0.09502851
0.05932665
0.07925833
0.92030704
0.88139296
0.07835561
0.07249729
0.04571241
0.03193192
0.027612982
0.028948722
0.035596978
0.032876335
0.030876497
0.034282386
0.06373302
0.857935
0.84062016
0.9136048
0.07659138
0.034930117
0.032192297
0.036371008
0.059222285
0.82515866
0.8423706
0.8784511
0.908028
0.8993478
0.89712965
0.9077909
0.89046484
0.8994686
0.92203087
0.064281665
0.029010816
0.024714988
0.023654707
0.040081717
0.9251346
0.91939956
0.93401706
0.18316482
0.08610787
0.08489025
0.06587324
0.06962593
0.07376837
0.08419961
0.10528994
0.17792197
0.14850633
0.1055385
0.7229012
0.68582696
0.1280135
0.13946496
0.26436913
0.1943075
0.13879098
0.11418025
0.1078363
0.09929291
0.12293959
0.5117033
0.21819334
0.22179285
0.6976472
0.15430705
0.1348139
0.14886867
0.7686558
0.1295561
0.075492315
0.062276606
0.07290061
0.1149638
0.20234007
0.9109371
0.9091915
0.9180247
0.9019379
0.8484102
0.8357146
0.86680925
0.8456619
0.8370657
0.8143814
0.73818624
0.14882164
0.16029382
0.22894746
0.71973294
0.21554004
0.20638108
0.36585113
0.62091947
0.5510894
0.2873704
0.4031668
0.42377037
0.72316873
0.25898537
0.15471084
0.12436772
0.11506072
0.12248354
0.14738952
0.22496635
0.6478009
0.24777514
0.21517691
0.28111744
0.8356956
0.8188964
0.70567375
0.32075164
0.44516644
0.6130277
0.5823195
0.18327993
0.25091904
0.4715451
0.8241749
0.7246897
0.7377135
0.8627965
0.8915334
0.92287034
0.1728867
0.06446556
0.056314677
0.05246461
0.050048403
0.050910577
0.052575234
0.04533494
0.065474994
0.90029156
0.895066
0.8919983
0.8704552
0.054139636
0.035919655
0.03644832
0.036545433
0.040913217
0.04929395
0.054176196
0.06046942
0.07334669
0.522842
0.7275165
0.08505955
0.05385742
0.047438044
0.04054019
0.03559941
0.04262614
0.084512435
0.8859264
0.88328093
0.786019
0.7826563
0.06551008
0.038138714
0.044107456
0.8543512
0.053290572
0.043936677
0.030664284
0.026851585
0.08533492
0.95040727
0.9573074
0.9512495
0.9466677
0.045772158
0.023027869
0.019376315
0.021069579
0.023970831
0.027679471
0.040149946
0.08032503
0.8787606
0.79866695
0.76531255
0.7657245
0.2205175
0.15226848
0.14511666
0.18435436
0.13563126
0.12658492
0.15514952
0.76445746
0.38999632
0.8124859
0.78306705
0.84534615
0.8253034
0.69810915
0.68983454
0.7993988
0.8846599
