0.9207557
0.5330241
0.31246874
0.2958896
0.43729308
0.85040057
0.8432523
0.7415458
0.7612492
0.8419123
0.851317
0.80472314
0.64912623
0.24873914
0.22589716
0.57280546
0.6927083
0.32550693
0.31984428
0.71745235
0.6227657
0.19522738
0.18153454
0.19375136
0.23114015
0.26822495
0.26894048
0.27099156
0.20801777
0.16973637
0.15480433
0.18995738
0.59208935
0.22636873
0.18002453
0.17861591
0.5942567
0.5901701
0.16183375
0.10736369
0.115998924
0.17937765
0.7551067
0.2311728
0.13427751
0.111862205
0.12349899
0.6666501
0.13096471
0.14653465
0.6745835
0.71363986
0.8151656
0.13356943
0.06402877
0.055732056
0.061615184
0.084779054
0.1328076
0.10680116
0.7480689
0.08045917
0.05859583
0.09877511
0.85028195
0.11050067
0.7824392
0.09173194
0.08098255
0.14584538
0.14609659
0.08928561
0.841826
0.84096205
0.8478038
0.885397
0.9215759
0.9249377
0.9522879
0.9565726
0.07746271
0.032604985
0.024785912
0.023630789
0.027597364
0.024887275
0.023090666
0.024198
0.026889395
0.027132928
0.027764602
0.025939489
0.027054118
0.032362986
0.0397583
0.05589325
0.803429
0.8146147
0.7140675
0.670568
0.1353523
0.1215543
0.7012365
0.3129195
0.15588099
0.13185678
0.14835246
0.11542152
0.256184
0.32960775
0.26295596
0.58271515
0.55457646
0.23000927
0.25062805
0.18869616
0.17986253
0.25478867
0.8229925
0.15606259
0.121947765
0.13177918
0.2282824
0.83350796
0.388797
0.15723835
0.12849718
0.18569334
0.7408541
0.75426006
0.6908811
0.6705625
0.6634068
0.66564053
0.6945447
0.7710773
0.3108494
0.24069469
0.2527491
0.3002128
0.72201574
0.8005751
0.8316213
0.0720715
0.048595157
0.053247754
0.06662886
0.08625148
0.08227974
0.0815987
0.09257686
0.073756665
0.073598914
0.052013487
0.043237735
0.057113327
0.36780792
0.93757254
0.8975071
0.8625638
0.080089636
0.040280364
0.02908706
0.029890392
0.036026046
0.04215515
0.0486736
0.069539644
0.74739826
0.71637774
0.7229176
0.58955055
0.76295316
0.067251466
0.064160235
0.11966547
0.8232968
0.8466123
0.7957466
0.7617883
0.73317856
0.7029358
0.11539115
0.11613749
0.15120949
0.6635463
0.5308109
0.8196861
0.08843502
0.07757147
0.06019277
0.051975973
0.046797805
0.048585717
0.11808254
0.9110278
0.8810383
0.8819463
0.8997755
0.918111
0.07191273
0.041402586
0.032098744
0.035341874
0.04357451
0.060808547
0.1241121
0.73945004
0.81592935
0.059235092
0.032986805
0.032000545
0.032346435
0.03683619
0.040639453
0.042832408
0.06559545
0.82116556
0.0715783
0.077804424
0.060039703
0.063736826
0.10044754
0.26030344
0.8701976
0.83200836
0.077330485
0.08176738
0.06375791
0.084440224
0.081038766
0.8248142
0.88149
0.85671914
0.9076064
0.110149235
0.07874613
0.12354532
0.11534834
0.086920574
0.7332122
0.21610633
0.12728326
0.86805093
0.90864336
0.8641817
0.8716654
0.8882059
0.123965636
0.13010874
0.8154116
0.05350473
0.041822396
0.04375431
0.055409923
0.1433244
0.93150234
0.06274268
0.03271773
0.025670713
0.026797341
0.03514246
0.8184704
0.84257454
0.89868665
0.07899683
0.04343034
0.03719083
0.039492473
0.05024331
0.06432496
0.07724322
0.06316484
0.057242498
0.06023133
0.07436347
0.10709799
0.14768073
0.106576934
0.09850679
0.10002382
0.09618998
0.11005421
0.14109896
0.122803114
0.699462
0.37137914
0.25680804
0.6327869
0.6770783
0.38516408
0.8614495
0.09799826
0.078223206
0.09336559
0.07892207
0.0825206
0.8496616
0.07901797
0.04655456
0.10190847
0.89746815
0.92264855
0.9501577
0.93553287
0.10214743
0.07718025
0.15267958
0.8081333
0.13190351
0.14757222
0.09442265
0.07869619
0.09652565
0.20806706
0.9032416
0.88592875
0.4393305
0.4996496
0.8338761
0.8241698
0.84440476
0.81691116
0.74571496
0.73904735
0.6394112
0.5700233
0.50446457
0.49808237
0.47369853
0.2212815
0.18825908
0.20483583
0.26872927
0.39000526
0.31358755
0.29299036
0.3415781
0.473524
0.7937956
0.78543144
0.4689532
0.37890267
0.33597514
0.29725993
0.4996009
0.58854014
0.3316131
0.23896714
0.2322938
0.26148707
0.5986372
0.7312777
0.49709088
0.47410047
0.28768337
0.5784543
0.17957298
0.15434928
0.14053442
0.15646413
0.20390782
0.24496558
0.32911077
0.33652547
0.23238245
0.2100102
0.1341727
0.7610323
0.8201834
0.28383014
0.20695549
0.6330666
0.7719328
0.1654752
0.17373386
0.08185084
0.16219397
0.3530751
0.35027125
0.23948337
0.6764897
0.62527704
0.68188626
0.7888061
0.7438014
0.73575914
0.7651892
0.8026728
0.14407986
0.12305942
0.14933845
0.16318119
0.2966196
0.44008163
0.29901806
0.74526954
0.32845628
0.24225426
0.75367606
0.20629443
0.09581745
0.081126995
0.0761725
0.08405886
0.2560755
0.8810099
0.8637931
0.872322
0.7721366
0.27389094
0.17444153
0.22386116
0.06983783
0.05514341
0.060172476
0.07276068
0.114833534
0.86068493
0.8584236
0.9279581
0.93090403
0.12186484
0.053797506
0.04381525
0.040827516
0.050846923
0.10350503
0.11938758
0.20650396
0.8905131
0.8669056
0.8924181
0.87378556
0.7898638
0.81347656
0.8727881
0.87083364
0.9189094
0.9382024
0.11153236
0.058628242
0.037189316
0.03356913
0.038314294
0.046392374
0.051701423
0.065374024
0.05571717
0.039655115
0.048063956
0.92133707
0.9303738
0.93716973
0.9563413
0.08047489
0.04615434
0.034489
0.033545453
0.033958703
0.027416645
0.022578817
0.021274922
0.022209847
0.029993296
0.052945133
0.90470535
0.86136323
0.91044915
0.90785867
0.79191405
0.19264996
0.41059116
0.8005671
0.8690491
0.86967623
0.82866025
0.84757555
0.82089525
0.2572039
0.21947293
0.70685136
0.10755597
0.18634015
0.1341596
0.11593432
0.90304303
0.88580006
0.08963086
0.060936436
0.07761522
0.7880379
0.6094825
0.8946615
0.10233714
0.12192989
0.84319305
0.09688466
0.10920848
0.07345507
0.05575063
0.05489742
0.04519188
0.035704717
0.029297573
0.02661742
0.030135743
0.093438625
0.9177416
0.4386175
0.9545314
0.95189047
0.93148094
0.9202622
0.86374503
0.77571857
0.13419603
0.8353897
0.101129755
0.09385705
0.87743706
0.051560216
0.033191312
0.03357125
0.04852761
0.040035177
0.03696237
0.055873476
0.8290743
0.1310025
0.11263695
0.7964189
0.31774217
0.17151754
0.7682131
0.21068309
0.7668823
0.048721448
0.04077422
0.045122955
0.0667971
0.117931664
0.11452936
0.10739765
0.13385375
0.11898571
0.16691102
0.85885495
0.11831539
0.09326841
0.10198477
0.08363776
0.10799947
0.8294129
0.82799137
0.8587567
0.8676431
0.8508493
0.8563393
0.07594454
0.047324847
0.04247797
0.064322606
0.8651581
0.904804
0.8773531
0.82330066
0.0735399
0.06253272
0.08762176
0.17851177
0.75873125
0.7142853
0.18073957
0.1144296
0.095540114
0.09615243
0.10617271
0.11913466
0.14127392
0.18261723
0.53810555
0.22466469
0.24672852
0.49420863
0.19877487
0.24278867
0.5706379
0.068278894
0.06526785
0.0828693
0.14834756
0.8532592
0.83361787
0.89506394
0.91318464
0.26199675
0.23336107
0.36768058
0.38195252
0.494099
0.86011404
0.7729245
0.77268213
0.80590284
0.061744392
0.043753184
0.03864118
0.057982173
0.90832466
0.0681993
0.05161278
0.0541006
0.097482905
0.16185316
0.88368595
0.83366746
0.79904026
0.7853611
0.76415837
0.76456004
0.08540307
0.0666009
0.07570641
0.10757276
0.11550353
0.7887627
0.9050172
0.8985151
0.15009384
0.13273244
0.15581386
0.13286005
0.66013265
0.63221806
0.69145024
0.36859784
0.38145325
0.29429114
0.24680032
0.27132812
0.7672244
0.86191255
0.84555924
0.6777067
0.09387401
0.073133916
0.064509615
0.081988834
0.1235182
0.1137883
0.13715185
0.21110979
0.86012465
0.8667125
0.8037638
0.7720568
0.77495503
0.7678873
0.07021072
0.06674612
0.08249591
0.8025106
0.82264143
0.0868466
0.046501912
0.037090126
0.042743236
0.039640345
0.03849354
0.039829638
0.04093202
0.055010445
0.11072902
0.81425315
0.82365054
0.74508685
0.70931375
0.13089645
0.08046797
0.10038462
0.7251016
0.741091
0.7515733
0.14856252
0.19053507
0.8267085
0.8778132
0.8580389
0.8437466
0.83427215
0.21738201
0.1250142
0.7389337
0.7092458
0.69816834
0.07501961
0.07240741
0.104376
0.85350734
0.7732613
0.74864864
0.80575037
0.15104881
0.11975529
0.11891158
0.1384664
0.101537235
0.093014106
0.11840192
0.15677695
0.24851345
0.39054495
0.83503467
0.8428053
0.34264973
0.27028888
0.32615542
0.850894
0.8767261
