0.876361
0.793956
0.67527807
0.6109908
0.59980077
0.63062894
0.7185213
0.7083059
0.7790137
0.8765088
0.90416366
0.8987518
0.8125714
0.79864764
0.8626279
0.81648934
0.85786796
0.25723836
0.14484353
0.15966849
0.14386836
0.14032896
0.14408073
0.14559269
0.15892726
0.16963443
0.17121282
0.18433885
0.16197506
0.1634514
0.16887213
0.16291028
0.15340368
0.14546809
0.14359413
0.13496295
0.12587544
0.12800574
0.14105558
0.1814167
0.3057598
0.69551814
0.73088616
0.6688608
0.61894286
0.5778962
0.53259355
0.2391728
0.20443663
0.23598622
0.25415063
0.30221164
0.64821553
0.5496873
0.52623105
0.31590626
0.24836795
0.25473168
0.26894048
0.23658237
0.206402
0.1983383
0.21722496
0.2763878
0.7207484
0.26176193
0.23746102
0.2925474
0.69065654
0.83322155
0.80842215
0.33070534
0.20753087
0.18158847
0.22192675
0.5474114
0.67736787
0.66268027
0.8051078
0.8036208
0.32307068
0.26137382
0.25946063
0.2610964
0.3014364
0.2520355
0.575252
0.24106477
0.22188874
0.22288802
0.501526
0.2070802
0.17316262
0.16365641
0.1666332
0.20656492
0.28347293
0.69178665
0.2874439
0.19932854
0.17169061
0.20212202
0.6915938
0.43215454
0.23416345
0.1550616
0.13790652
0.16300732
0.68812734
0.74504477
0.7062895
0.7214512
0.7457421
0.7718281
0.79152775
0.7632006
0.7504038
0.7711974
0.2708032
0.078351974
0.049157772
0.04421778
0.049063087
0.09341528
0.08781233
0.044874597
0.037192423
0.052830257
0.87901175
0.9141166
0.040294234
0.02576071
0.024527382
0.035067074
0.088927284
0.9126431
0.25588918
0.09707782
0.14758377
0.88334316
0.8915497
0.9120131
0.89372087
0.8764617
0.86653537
0.859505
0.87206346
0.12501368
0.07153808
0.10115101
0.90431905
0.06562343
0.04404427
0.030124435
0.031842392
0.05998361
0.93389875
0.13269648
0.045569856
0.037035014
0.040459905
0.041165955
0.038019318
0.03615992
0.03565315
0.037525855
0.038904954
0.03624336
0.034786675
0.03463552
0.03732434
0.07168691
0.8248101
0.058249794
0.04186958
0.049038745
0.0873464
0.88209563
0.06581435
0.041502476
0.039429616
0.043427788
0.0510187
0.09247898
0.69335777
0.75490385
0.8418688
0.8246306
0.18661118
0.15472525
0.12089029
0.10355739
0.09611944
0.10015254
0.15560174
0.8364861
0.77049506
0.7718665
0.80561614
0.8434317
0.09406303
0.04383776
0.042772096
0.050010756
0.06381337
0.099747896
0.23380838
0.6381782
0.7124525
0.17165864
0.14675367
0.15145661
0.16689174
0.19914077
0.21492779
0.20403314
0.19355388
0.14399333
0.14399916
0.63980395
0.61545706
0.1834729
0.26867327
0.8015718
0.19030185
0.15507896
0.14146303
0.14621474
0.1814502
0.23830871
0.21591952
0.69504
0.7807698
0.7333671
0.81104755
0.27248523
0.24274851
0.3308633
0.28729466
0.20256218
0.6683096
0.32235715
0.20697953
0.775702
0.81558317
0.7283334
0.75192815
0.80786514
0.21308559
0.22596443
0.7607291
0.106578805
0.08818414
0.092750095
0.11719494
0.22882535
0.85090184
0.15244348
0.11825204
0.12403209
0.047246933
0.056945704
0.060979027
0.110541396
0.813467
0.12813011
0.05830258
0.03919041
0.033319045
0.0361367
0.09175396
0.87953204
0.05716224
0.034398753
0.026396
0.023989001
0.027231064
0.037964094
0.027380265
0.022869484
0.020952119
0.023078596
0.057764534
0.9175848
0.040802144
0.03153282
0.037278928
0.036843084
0.044143394
0.037355136
0.048002057
0.20910722
0.93864906
0.9267592
0.94605255
0.12956838
0.031275902
0.019407688
0.016742324
0.016828708
0.022291344
0.03348905
0.083985366
0.925889
0.9420364
0.07899559
0.045739245
0.04792367
0.041779194
0.061848063
0.90098053
0.06821949
0.03159819
0.028441625
0.062337033
0.9254067
0.9021673
0.822867
0.84273833
0.89742756
0.90101206
0.92382336
0.91630936
0.9056799
0.9141029
0.053702
0.030970942
0.026110455
0.02768209
0.031557143
0.04184023
0.058527313
0.14692515
0.8875496
0.8537885
0.08571574
0.060356006
0.07941347
0.15922652
0.91873324
0.9266015
0.04286538
0.033984352
0.028826574
0.025796756
0.025689287
0.026866544
0.022056673
0.017305316
0.016889192
0.044006772
0.9560832
0.9570244
0.9349296
0.12124775
0.030075213
0.017832737
0.016849298
0.02147054
0.03342709
0.819783
0.78304976
0.15886275
0.21690713
0.2078066
0.16240905
0.8828729
0.068573035
0.14039096
0.11090949
0.06284749
0.040294886
0.030119909
0.028740661
0.022462377
0.019753497
0.058206737
0.953788
0.9679023
0.9599785
0.9242311
0.035188135
0.02637137
0.045486268
0.9116127
0.06725402
0.03882408
0.04130123
0.060250107
0.06347882
0.06672134
0.09153325
0.83514315
0.8940112
0.91191167
0.8430899
0.83489645
0.047673613
0.03657256
0.03197653
0.033062287
0.026247017
0.026972951
0.92553216
0.9481548
0.9733358
0.97315186
0.07642374
0.050201934
0.0364557
0.030148042
0.033572797
0.04109459
0.04292513
0.045503497
0.056484874
0.106804535
0.7229405
0.41066808
0.36446854
0.8943344
0.8839731
0.16686554
0.0840154
0.07111043
0.07384885
0.096666686
0.13747917
0.12267593
0.14984764
0.19216463
0.17543636
0.90270585
0.9050011
0.86652476
0.8718296
0.9093546
0.9160229
0.9435146
0.94187665
0.086292215
0.044621386
0.042589914
0.042463187
0.047741532
0.061152555
0.065501
0.07826353
0.08446096
0.07720944
0.07631654
0.83367467
0.8203172
0.85391843
0.90993214
0.14069398
0.11002089
0.097922355
0.08958058
0.07741553
0.046528306
0.030954704
0.02849876
0.032425463
0.05265701
0.087172166
0.936305
0.9419767
0.96292037
0.96345586
0.06097125
0.02858016
0.03526545
0.041519474
0.06331055
0.06669281
0.059249472
0.072276965
0.06009496
0.03846941
0.029539542
0.025678582
0.027361333
0.041943405
0.0664116
0.9197794
0.95113844
0.9492447
0.05245694
0.023990963
0.02282168
0.025246022
0.047256775
0.080088906
0.0839977
0.18479598
0.93648875
0.9512662
0.9663679
0.9657714
0.0806405
0.039352786
0.024636274
0.019284917
0.017334053
0.016762622
0.020275798
0.032838207
0.8990262
0.8783904
0.9311932
0.93694925
0.12922567
0.13495228
0.08081155
0.05751202
0.081939496
0.8906845
0.8032913
0.15852161
0.30102468
0.81685567
0.082077414
0.04395192
0.03255937
0.031091329
0.024671568
0.021652913
0.021265004
0.024040408
0.029159326
0.045543205
0.93491334
0.041208897
0.026944097
0.02434335
0.028053477
0.04702328
0.84113336
0.8631275
0.8933908
0.91959476
0.90944356
0.90519935
0.9168641
0.91013896
0.9174484
0.93570215
0.06673802
0.029602155
0.026757227
0.02864564
0.050821964
0.9215688
0.09483644
0.103766166
0.09148157
0.056850683
0.057228424
0.04225546
0.0390665
0.035785414
0.038927596
0.06754723
0.89919096
0.17879619
0.09771233
0.77305216
0.75518304
0.0570873
0.06445667
0.10351285
0.097067446
0.0904867
0.09626817
0.10985977
0.11627349
0.12473905
0.13892455
0.18209335
0.25970042
0.29642338
0.28861952
0.34036043
0.337859
0.29944944
0.28597885
0.24533963
0.23087937
0.47572672
0.545233
0.5652793
0.67066413
0.7141238
0.78416884
0.7491233
0.57469
0.47242776
0.5192532
0.4709138
0.5610974
0.60433036
0.47281322
0.3582693
0.3827267
0.39105058
0.45110273
0.3767586
0.41797724
0.6617653
0.34693232
0.27167377
0.31442648
0.5213524
0.6541435
0.71163696
0.34284922
0.2137539
0.148989
0.12003817
0.12150577
0.13802876
0.18143615
0.18651024
0.19557914
0.20192462
0.23431313
0.38094524
0.7887655
0.16247801
0.20093387
0.8645926
0.11190867
0.08960525
0.09550732
0.13599516
0.1447418
0.118590675
0.09707945
0.80175716
0.8817553
0.8881365
0.91889125
0.16240215
0.04286718
0.033900686
0.029851563
0.03001539
0.031511813
0.035336405
0.032505665
0.081483744
0.95053875
0.9412746
0.93362796
0.91563237
0.0622984
0.040596295
0.03982419
0.047676686
0.06481793
0.08922698
0.102175854
0.11522483
0.15164977
0.6078149
0.5803742
0.5916476
0.30834025
0.29025698
0.29818276
0.3127249
0.3535029
0.52580065
0.39162755
0.3813731
0.24227898
0.21866031
0.5248239
0.19994687
0.17242235
0.1768666
0.18002719
0.19923276
0.240636
0.3035173
0.39914453
0.5883568
0.57819885
0.52764654
0.5440187
0.3715868
0.28085357
0.24416979
0.24173434
0.21930647
0.21948664
0.44746464
0.5186701
0.6521504
0.4630359
0.35265172
0.31421593
0.37891114
0.31638148
0.6485524
0.4716921
0.22228019
0.16750932
0.18421768
0.20771582
0.32882503
0.8418055
0.791101
0.80682224
0.77588475
0.67432386
0.6672137
0.77808243
0.8474617
