0.9339746
0.8824392
0.037420437
0.032954756
0.040845744
0.067879885
0.056914173
0.072669335
0.05108842
0.040390395
0.035177063
0.036822625
0.043800898
0.04003765
0.030563755
0.024350576
0.021399593
0.03212749
0.24906422
0.9500036
0.95628464
0.9577354
0.9475399
0.108217336
0.036542278
0.017999204
0.014637504
0.016663069
0.022416376
0.030883294
0.056756955
0.94276786
0.9490824
0.062006578
0.05278064
0.03886715
0.03592323
0.06587012
0.2034897
0.9499027
0.9530053
0.9444949
0.22030258
0.10393717
0.060730517
0.045590226
0.041867916
0.05391819
0.7861562
0.7598454
0.7262357
0.7680482
0.8761956
0.90657103
0.8934903
0.92128444
0.9260942
0.88870084
0.043780785
0.034165185
0.046273913
0.046888858
0.035754472
0.027675645
0.028866313
0.09281094
0.92961067
0.9453984
0.9631454
0.96420735
0.11207336
0.051272098
0.035630833
0.035632897
0.04572187
0.060756963
0.06994668
0.06819661
0.8545136
0.8678124
0.87456006
0.85887307
0.83696955
0.8102093
0.79402727
0.8020446
0.8268654
0.8541943
0.84904134
0.8422627
0.8041192
0.081877716
0.060975708
0.066421755
0.059409432
0.05253997
0.050078597
0.055500615
0.06285085
0.067522496
0.90966296
0.9188939
0.9191422
0.31941184
0.1447109
0.12970954
0.22201891
0.34633833
0.8496406
0.85080594
0.84856206
0.06195381
0.04480416
0.044921238
0.06540485
0.109048784
0.092874326
0.7317929
0.05749926
0.1004851
0.88346
0.8944582
0.86807466
0.8647851
0.14217128
0.14031386
0.8655611
0.19420177
0.09055486
0.056935985
0.037781477
0.040738646
0.061788537
0.873536
0.88712275
0.13417292
0.09071631
0.0766735
0.09556888
0.14125162
0.91849905
0.92989993
0.92886645
0.9418168
0.9361894
0.89344186
0.1934737
0.1781644
0.16707219
0.14460081
0.15749633
0.18852617
0.24536832
0.3591838
0.79440683
0.8104735
0.81597435
0.81292397
0.8024014
0.79044515
0.7841538
0.15155718
0.065145634
0.054231003
0.04989069
0.05884172
0.1446164
0.78274876
0.82427377
0.855814
0.8624996
0.8182194
0.061757557
0.030602254
0.03310747
0.040896025
0.05749646
0.08121835
0.8964676
0.9097345
0.8858633
0.82817304
0.8348167
0.15638305
0.098309815
0.07192159
0.04362173
0.040042672
0.05721772
0.07719556
0.11616318
0.8594371
0.8358011
0.39720118
0.13154854
0.07064426
0.0666159
0.065950364
0.090253726
0.72481394
0.7097339
0.18892458
0.14120312
0.61811334
0.15788364
0.153748
0.58978164
0.16610229
0.20605946
0.26291507
0.35468483
0.82033515
0.42706922
0.3636644
0.29033926
0.3360919
0.33245736
0.32493025
0.41195738
0.8356252
0.37446213
0.22026859
0.16530539
0.121173814
0.12064505
0.20318076
0.21062669
0.77199394
0.31062752
0.13253935
0.114519835
0.7069846
0.110351704
0.077812314
0.0807561
0.11506497
0.22241661
0.31980243
0.7995693
0.15914242
0.08003671
0.06647988
0.06665036
0.07235013
0.054256883
0.04460801
0.04327378
0.056033358
0.09386876
0.14146742
0.79885405
0.7498806
0.08404307
0.08678058
0.72684515
0.75451994
0.10677187
0.06113902
0.056468375
0.116860636
0.7795647
0.77789664
0.77729875
0.22777914
0.0582669
0.046320923
0.05981136
0.76094437
0.19653371
0.11664295
0.20402762
0.84748155
0.063841954
0.035678416
0.025164234
0.021693008
0.035592623
0.9152058
0.91076416
0.9314561
0.09454875
0.037773985
0.033208564
0.04630621
0.0624377
0.8297387
0.11651159
0.09347529
0.22344306
0.8297579
0.8199573
0.09641021
0.06967051
0.08776528
0.17238843
0.86555487
0.82602525
0.81879354
0.8145931
0.85257447
0.17439552
0.09986086
0.09712414
0.08310966
0.8472535
0.06489603
0.055416588
0.051106896
0.042773157
0.034283407
0.03255387
0.042878415
0.8158757
0.092738725
0.0851527
0.14694004
0.8621916
0.04225048
0.028556814
0.030360635
0.03704663
0.04100612
0.039408147
0.04459318
0.07609711
0.09293674
0.8339569
0.7673122
0.0792142
0.071223214
0.098286085
0.81571376
0.19436258
0.11109053
0.09819323
0.1073999
0.16649713
0.23386103
0.23454057
0.7345408
0.7130844
0.3737375
0.33400488
0.41758633
0.48567274
0.81992304
0.8087084
0.8539298
0.8858292
0.88354504
0.8533467
0.84269345
0.785329
0.7353274
0.6966321
0.27883723
0.23766468
0.24136983
0.33083078
0.7702421
0.868119
0.90993905
0.85302866
0.04341308
0.03810268
0.033966843
0.03083367
0.03955766
0.22802104
0.90707177
0.9161087
0.9171774
0.92241436
0.94676566
0.07378945
0.039977435
0.036748186
0.0438919
0.06703022
0.07565819
0.11257034
0.1491611
0.11211716
0.082318276
0.06750871
0.07498249
0.10660837
0.84486693
0.83120686
0.81813747
0.33513868
0.23028891
0.21819568
0.1646266
0.55688363
0.13943247
0.16160688
0.7975933
0.7915808
0.067815155
0.066337496
0.11539312
0.13944694
0.27869233
0.92561746
0.91674405
0.13111156
0.11725076
0.16330396
0.918621
0.9048367
0.24756731
0.805468
0.7977963
0.046854522
0.05691723
0.09898439
0.08388147
0.04854192
0.034923613
0.030991398
0.033120617
0.04721934
0.060717847
0.82422405
0.80185616
0.079646744
0.048069708
0.063054405
0.9199489
0.10020932
0.030910438
0.03736431
0.90170145
0.9142823
0.91088307
0.9091455
0.9207419
0.042766068
0.028180456
0.028522428
0.030787079
0.03788708
0.033594035
0.028913336
0.029283216
0.028480968
0.026861405
0.038094465
0.8565613
0.17378177
0.086077385
0.057206742
0.046970405
0.045428418
0.7517641
0.12461668
0.7755222
0.85692763
0.17753787
0.18753244
0.14346218
0.7743903
0.8621931
0.19379732
0.13216278
0.14440796
0.14215276
0.12167052
0.21939744
0.33404547
0.18686357
0.6690559
0.6055452
0.10215554
0.07503258
0.08272422
0.122218505
0.8478514
0.19067761
0.35476097
0.7908578
0.17252406
0.28212076
0.29791984
0.74056166
0.12492206
0.124919705
0.070804276
0.055441674
0.051196273
0.06535916
0.7264931
0.722467
0.8016081
0.8946725
0.90194374
0.40562952
0.33231997
0.91235816
0.922291
0.9056558
0.16651383
0.09979357
0.104109295
0.074376896
0.09387959
0.7967405
0.7993592
0.112119846
0.046190232
0.038375806
0.047726683
0.08037012
0.07054664
0.101109125
0.11216586
0.8830822
0.90424603
0.06473919
0.06726154
0.1587848
0.25061256
0.828434
0.042989273
0.036375117
0.039841685
0.04703268
0.051874403
0.07830472
0.8669954
0.8997264
0.92082006
0.91135645
0.90424556
0.90575665
0.90282273
0.91691154
0.9222476
0.92582655
0.9149612
0.86406267
0.043985203
0.027259244
0.025171287
0.029569944
0.02789378
0.027773948
0.03145258
0.02942887
0.024904383
0.03684193
0.8918936
0.88413876
0.8093154
0.7834845
0.041968133
0.04464365
0.047722846
0.05609543
0.06301246
0.051537182
0.04829655
0.05606236
0.046607826
0.044668585
0.047798228
0.05304442
0.06369365
0.05783698
0.0647212
0.06919137
0.08794346
0.07619854
0.07772117
0.09329311
0.11248403
0.12682669
0.12769383
0.12277566
0.63193154
0.15997696
0.1338049
0.17365669
0.30580828
0.38431352
0.46682456
0.67363304
0.66706467
0.246374
0.19522265
0.1778426
0.09451515
0.113893405
0.15198925
0.27100065
0.21561933
0.8642663
0.16006888
0.15458839
0.28569221
0.79840744
0.15220276
0.109983094
0.09951909
0.13562322
0.89256996
0.8908501
0.808842
0.82377744
0.8641085
0.8698095
0.88295484
0.88768715
0.8857128
0.87916505
0.88061285
0.88919693
0.8910566
0.882626
0.8541612
0.8495452
0.7986839
0.82097405
0.31680578
0.78523314
0.21516915
0.17250974
0.2969916
0.7189852
0.23015112
0.1710868
0.22579719
0.6968332
0.34034327
0.35975835
0.36842337
0.25395367
0.22678062
0.19853823
0.14231549
0.13126108
0.1307031
0.27567995
0.8495458
0.9014316
0.9040395
0.87629664
0.8502485
0.345199
0.24343014
0.19010223
0.17302383
0.2666809
0.56948954
0.53514665
0.26113886
0.22828217
0.5243016
0.54003954
0.24289078
0.26454076
0.31081155
0.2742497
0.2992716
0.31552228
0.8766309
0.93835676
0.8838375
