0.8820182
0.8015047
0.7033264
0.64419913
0.64376926
0.6671398
0.6840233
0.6940593
0.76814234
0.89719087
0.92478406
0.9180237
0.18903917
0.09723684
0.103196606
0.087114304
0.10752441
0.09310027
0.12640119
0.80405825
0.698521
0.67502916
0.69565
0.7324033
0.19561018
0.13734771
0.10005824
0.09934298
0.061044663
0.04610986
0.040016077
0.03320374
0.025947671
0.019234875
0.016022094
0.01774159
0.04849185
0.89145505
0.8901476
0.8867367
0.062036
0.0369398
0.03652393
0.030392297
0.026920628
0.028040256
0.034474533
0.039930597
0.048283193
0.063075624
0.07837664
0.10039543
0.18061249
0.09389652
0.098257095
0.102589354
0.105582625
0.11217299
0.120848134
0.10609462
0.12830451
0.7216028
0.16013949
0.13890436
0.21821612
0.6978414
0.713439
0.71106875
0.17715056
0.250096
0.25043565
0.15325679
0.78913355
0.7817598
0.798688
0.84969527
0.8977345
0.8939773
0.9265092
0.93283224
0.09187479
0.041771583
0.033826023
0.028516786
0.02791432
0.027964823
0.03607569
0.84173197
0.07329242
0.0398841
0.035418216
0.03231039
0.032800987
0.03763578
0.046254665
0.07262532
0.752458
0.79891145
0.13296467
0.09667617
0.0967267
0.11245543
0.70962834
0.27665132
0.1132776
0.09125296
0.090955764
0.11534286
0.7210949
0.749714
0.6924582
0.7127014
0.7483792
0.78438586
0.8143198
0.79703677
0.78187424
0.79934484
0.22881925
0.06606944
0.046294156
0.04288256
0.048959695
0.09258868
0.08737919
0.043726236
0.03707859
0.052911595
0.88566613
0.9151336
0.040217973
0.025824666
0.024551928
0.03216228
0.08091102
0.92114663
0.22501683
0.076690696
0.114666715
0.8749004
0.33524394
0.9141037
0.9054722
0.88753694
0.8581685
0.16753916
0.83817995
0.12391696
0.073950544
0.11261811
0.9041411
0.06556774
0.042518396
0.029334607
0.031169577
0.057245396
0.92858136
0.1360414
0.04731941
0.041311033
0.04367928
0.04605473
0.045174837
0.046949174
0.04597582
0.04577562
0.045769013
0.042664874
0.03873003
0.03811785
0.04490134
0.071037225
0.76042485
0.05974458
0.046934683
0.053889304
0.105943985
0.8109947
0.25821206
0.18305908
0.7265803
0.77455235
0.084530905
0.071735755
0.07884977
0.113665976
0.34961405
0.81401575
0.82212234
0.8374203
0.79764026
0.77358735
0.7835184
0.13559031
0.072981045
0.06533478
0.0620775
0.081817865
0.82550156
0.85067695
0.7659779
0.19673973
0.18147269
0.062839344
0.05890745
0.06032272
0.062279087
0.082573004
0.8544767
0.799811
0.065396406
0.03665283
0.032118026
0.03332242
0.035938226
0.035535853
0.03577991
0.026401449
0.01985845
0.016273994
0.019053068
0.094617024
0.94252294
0.9542409
0.9291685
0.89831865
0.03184289
0.018105336
0.020466367
0.032492314
0.05363267
0.86921763
0.92616737
0.9210967
0.9573664
0.09682876
0.06658078
0.07832212
0.074999094
0.0547769
0.05061925
0.0633706
0.048879597
0.04541568
0.054971278
0.041460007
0.05980429
0.9122416
0.06441015
0.04214897
0.034378827
0.036373913
0.05222441
0.07687842
0.1293413
0.936034
0.9496116
0.1829473
0.10872722
0.09949093
0.10291084
0.10896648
0.11305631
0.12679322
0.14655271
0.11559377
0.089360066
0.07340248
0.07323269
0.09965886
0.18456294
0.75924706
0.120314844
0.09359549
0.08600377
0.10237229
0.20740423
0.84192944
0.13608374
0.07589992
0.0613459
0.06454083
0.1323865
0.84536266
0.11414141
0.080104746
0.106202506
0.09197255
0.10087047
0.07202133
0.07974003
0.2352993
0.91813385
0.90627396
0.9262537
0.123629436
0.038477875
0.024378022
0.021693468
0.022013135
0.026655344
0.03744418
0.092400715
0.92858
0.9250178
0.08914811
0.054346777
0.05762367
0.052808452
0.08055577
0.8623961
0.78339195
0.093546435
0.08922691
0.13318717
0.86629415
0.8415991
0.7853441
0.80222
0.84303933
0.83661014
0.8556135
0.8516535
0.8284488
0.8135162
0.08258563
0.047389038
0.041725323
0.043834303
0.04990299
0.058809645
0.10344967
0.8611383
0.79157287
0.7591249
0.6534265
0.63497686
0.6553296
0.717565
0.87232846
0.89325
0.19680865
0.12961105
0.11385333
0.1207805
0.70423007
0.23196442
0.13506632
0.11557431
0.10923885
0.12811303
0.18486421
0.7846559
0.7479474
0.81743383
0.19432981
0.17178178
0.15960942
0.15176077
0.13806884
0.14298287
0.17484191
0.3163733
0.80354387
0.47655177
0.31213
0.31530502
0.23955493
0.2589357
0.745363
0.6469071
0.33198324
0.3161756
0.37715763
0.59191835
0.5378584
0.32555342
0.39620814
0.8050902
0.8121604
0.2871009
0.17227735
0.15484765
0.1585078
0.1926801
0.19273236
0.17467804
0.22470386
0.76859885
0.280442
0.3089796
0.6232074
0.63576126
0.757422
0.45562622
0.30798346
0.6756947
0.77279514
0.19762705
0.11271421
0.11812198
0.09132247
0.108018525
0.18217379
0.3638826
0.90190697
0.9069
0.19645388
0.16729258
0.09395772
0.068617195
0.056890808
0.043824524
0.035093214
0.03460593
0.05128339
0.6995772
0.75046146
0.8594729
0.8704517
0.92661107
0.9415255
0.07733028
0.03018941
0.024803188
0.027197488
0.035240553
0.046862364
0.052453075
0.072986186
0.17944638
0.925256
0.94287765
0.93313557
0.8595514
0.2027639
0.2711379
0.23037587
0.9087653
0.9446535
0.066229604
0.043015156
0.035003785
0.030053021
0.031463854
0.038467295
0.04134677
0.04895701
0.046044394
0.035860233
0.046083376
0.9239808
0.9296662
0.9371871
0.9574716
0.07896284
0.045076896
0.034756385
0.03338367
0.03343015
0.027585225
0.022705518
0.020354671
0.021078717
0.030549983
0.05963981
0.9064051
0.862191
0.8977712
0.8986407
0.7961251
0.75781345
0.86700493
0.17739846
0.2605473
0.271517
0.21404342
0.88962835
0.8809917
0.094541304
0.060225647
0.63865656
0.14431268
0.86324203
0.8451322
0.85756934
0.90631676
0.8793291
0.17630818
0.7114697
0.15281342
0.21012898
0.90434945
0.91886085
0.1215822
0.07318763
0.066163935
0.10751325
0.942302
0.93265
0.9002119
0.9094303
0.07615252
0.03207988
0.024603985
0.022723882
0.026900226
0.053437736
0.90995497
0.90575254
0.9262518
0.92535186
0.90850693
0.9204177
0.11470356
0.05427803
0.05113801
0.06238829
0.06236461
0.07422963
0.10815955
0.0886632
0.08183272
0.80783993
0.7989265
0.10732883
0.06935842
0.06316953
0.07299212
0.094892494
0.114058815
0.1722613
0.797297
0.6969453
0.14460398
0.118277445
0.12006703
0.13978685
0.5674323
0.15734161
0.17542127
0.25075704
0.23162365
0.28442955
0.7998128
0.79015875
0.82514775
0.88407105
0.8492444
0.07140289
0.07983016
0.07898913
0.082951955
0.10794318
0.12353658
0.19177556
0.2067947
0.17751554
0.3356468
0.85903287
0.8216747
0.046171755
0.035179637
0.037228793
0.04642
0.04572934
0.056993492
0.86958337
0.86258435
0.84991693
0.10856872
0.1044422
0.067688845
0.05076974
0.0535706
0.08327224
0.75866175
0.8025823
0.13309705
0.10183782
0.10841359
0.11238035
0.10856083
0.119914725
0.11924943
0.12688671
0.14960027
0.14111505
0.13103546
0.14833882
0.19781028
0.67005634
0.7340342
0.530079
0.6562153
0.7573439
0.60794646
0.51065785
0.5079354
0.5055604
0.5414434
0.5701199
0.36674386
0.2886403
0.2575852
0.25593027
0.32990274
0.5212637
0.41907158
0.44694912
0.31478912
0.30536798
0.5877871
0.68478286
0.5435374
0.5060414
0.312379
0.20805043
0.17861532
0.15981993
0.16486734
0.2051137
0.28627923
0.30832937
0.31703237
0.22261216
0.25832838
0.8444123
0.8582662
0.78261846
0.13067085
0.1650025
0.14394082
0.118545875
0.105265275
0.13836604
0.8873888
0.874655
0.72010744
0.7011769
0.8122054
0.78851247
0.8218042
0.7797667
0.64308363
0.50115126
0.13566141
0.125545
0.15436685
0.25644636
0.27332038
0.2949503
0.7989201
0.75794363
0.5241949
0.29786277
0.15695518
0.10713997
0.09489283
0.09922527
0.11280514
0.11503337
0.121564396
0.68531513
0.08298684
0.06909949
0.068084456
0.06223604
0.051258277
0.04862107
0.043659244
0.035590794
0.03168362
0.034115378
0.06568724
0.92386067
0.85401016
0.08496899
0.041475665
0.032795496
0.04438384
0.85282296
0.05438435
0.043748546
0.028647752
0.025397388
0.092274964
0.9568847
0.96210456
0.95631176
0.9537802
0.04413764
0.023430029
0.019684864
0.02205761
0.025488758
0.030793225
0.041752633
0.06730459
0.21174805
0.81627655
0.80363584
0.16540878
0.17534482
0.12688737
0.14419214
0.19109781
0.12845922
0.11670703
0.13851044
0.16956112
0.24930346
0.3314035
0.8519185
0.8421895
0.78133327
0.67364216
0.68648493
0.79711515
0.86398494
