0.8802243
0.7980714
0.6895724
0.633661
0.64208275
0.6828682
0.7353851
0.6956776
0.73170346
0.80877036
0.79226357
0.6879694
0.6647355
0.7133001
0.824009
0.8064065
0.8429497
0.56621826
0.7628082
0.84210706
0.16117062
0.099990636
0.09497665
0.10157399
0.12701559
0.15313792
0.15843467
0.16692813
0.12927459
0.113640234
0.10492412
0.084562786
0.06253267
0.046723947
0.039771676
0.041903798
0.11447076
0.8047203
0.8005183
0.80619884
0.08138026
0.04471256
0.055320807
0.04682004
0.039334886
0.039529063
0.04765933
0.054327317
0.061986126
0.074158564
0.12855378
0.78059006
0.74522454
0.66592246
0.6339392
0.6692106
0.7546014
0.08727974
0.071847916
0.06331035
0.06319381
0.06989202
0.109127164
0.7648985
0.7980601
0.30290264
0.6879136
0.16289142
0.30268654
0.88902235
0.4179532
0.1404026
0.12130354
0.112789445
0.11502311
0.1415445
0.23882207
0.2526283
0.36901537
0.8588905
0.19284207
0.21352217
0.22297885
0.21871175
0.22448607
0.18383978
0.15328276
0.13637413
0.12633298
0.11993783
0.11535483
0.11741762
0.12044583
0.12385793
0.1308288
0.16053055
0.26977178
0.6584765
0.214248
0.18029965
0.16902292
0.1678562
0.20907605
0.26711357
0.22092186
0.17401226
0.15184085
0.1586414
0.21020788
0.7516827
0.6896809
0.14896578
0.11454959
0.14095077
0.30064726
0.78307897
0.77045715
0.19858932
0.1715094
0.088939525
0.059126537
0.04812858
0.048851263
0.081686266
0.0811684
0.04449615
0.03448968
0.050650887
0.8690477
0.90907866
0.04142435
0.02537665
0.024981296
0.03623846
0.08965462
0.9103212
0.25562358
0.09712242
0.14844806
0.881882
0.8897096
0.9093943
0.8919785
0.8740456
0.86325973
0.85401565
0.86782086
0.12805331
0.07267215
0.10268922
0.9012993
0.067191735
0.044986524
0.030642252
0.032395255
0.062159818
0.9276074
0.14531238
0.045418475
0.0361691
0.038008623
0.0381346
0.035646185
0.0338563
0.03461378
0.039989408
0.042257506
0.04947032
0.81849587
0.8387618
0.81480247
0.10942612
0.061889295
0.06006877
0.077698216
0.8433367
0.19787717
0.11923913
0.06203761
0.046525996
0.042822246
0.044693604
0.04442804
0.056651827
0.12991692
0.6985533
0.8312487
0.81122965
0.20496073
0.15957959
0.12658907
0.110141054
0.10143736
0.10662299
0.16236673
0.8324194
0.7648377
0.7648514
0.80049103
0.8383318
0.097466774
0.04320781
0.044503815
0.052179337
0.066378124
0.106249705
0.24930994
0.6265553
0.7010525
0.17770207
0.14622815
0.14914905
0.16188352
0.19094159
0.20817907
0.20637168
0.21724424
0.17226633
0.17674355
0.8026671
0.15893388
0.15261768
0.22834936
0.82827085
0.1655957
0.10823493
0.09909806
0.12039828
0.18670805
0.7821359
0.17426501
0.17459351
0.8094054
0.77524555
0.84375226
0.21247405
0.18980129
0.27646244
0.23765229
0.15547149
0.7202935
0.27947712
0.14581476
0.7161471
0.29357982
0.20840034
0.18422168
0.8321873
0.7737197
0.7743216
0.1302874
0.058610387
0.05918766
0.06354493
0.08834724
0.9124316
0.9178616
0.9000413
0.05673521
0.030530687
0.02693607
0.02839023
0.029943615
0.034759212
0.039962284
0.03176162
0.021768993
0.015960986
0.015183585
0.06884967
0.94040585
0.95635647
0.940464
0.03606336
0.024342945
0.02242921
0.033311408
0.05319307
0.044756938
0.04667589
0.84372413
0.047546282
0.03787453
0.0484259
0.04518566
0.070896156
0.8983818
0.101857804
0.07792145
0.05002151
0.056180265
0.114383936
0.8773032
0.07643809
0.07150099
0.04494868
0.035231624
0.048436888
0.8384518
0.047527276
0.045383528
0.052346334
0.06624915
0.17968225
0.8789763
0.12720858
0.10836999
0.8215733
0.11946616
0.112825125
0.8036663
0.7220121
0.0954259
0.07933474
0.13135244
0.8117528
0.29520735
0.20102116
0.2538096
0.82445997
0.36227903
0.5228675
0.54512954
0.86700284
0.8719471
0.12098103
0.06876645
0.07016267
0.6891528
0.0659503
0.04704292
0.03994502
0.04046871
0.068865374
0.14760332
0.80803
0.076474555
0.07347779
0.10204599
0.25329456
0.90087533
0.8472955
0.84357417
0.8520818
0.03110907
0.022995459
0.02160951
0.017956788
0.016346874
0.024153614
0.9135643
0.942563
0.965054
0.95450705
0.95323616
0.03717248
0.016440902
0.011935569
0.012769072
0.015788909
0.028633254
0.7664868
0.81575257
0.91490597
0.92847353
0.11823518
0.053697057
0.050104436
0.07561458
0.8710374
0.13781364
0.07883672
0.10413798
0.83101463
0.09249869
0.06780263
0.09353365
0.7990406
0.8633965
0.84159803
0.13659883
0.10218475
0.09945599
0.65384185
0.7819701
0.31535545
0.3055398
0.2859599
0.7163119
0.6332877
0.6447867
0.67141515
0.7118823
0.8345863
0.85837895
0.71471995
0.6856681
0.80970603
0.15891321
0.13353936
0.86151934
0.06833558
0.042216614
0.038246855
0.051648382
0.31633973
0.92291945
0.9031536
0.8982411
0.21651267
0.08836715
0.06594181
0.06998257
0.0896559
0.58205676
0.58335495
0.11995884
0.16924948
0.7823419
0.8040469
0.90421134
0.8883631
0.15277565
0.08837256
0.07132843
0.07135293
0.09706904
0.14672361
0.1315925
0.15467997
0.19121866
0.163171
0.90661347
0.9115162
0.8873066
0.8757984
0.9004409
0.902745
0.9299471
0.9223384
0.109212115
0.07004595
0.06400947
0.063920446
0.07977011
0.23902398
0.81436306
0.22263283
0.17075668
0.1318717
0.1126631
0.7632481
0.7511765
0.78175646
0.86633843
0.17593557
0.16553918
0.16672224
0.19491768
0.8747038
0.08382377
0.038081467
0.027452512
0.031178085
0.047007754
0.08211538
0.9354754
0.91166973
0.9243152
0.9089456
0.8303086
0.806566
0.87437266
0.8737848
0.9116734
0.9203233
0.913978
0.93036425
0.21528564
0.07272283
0.037347026
0.02912916
0.027518164
0.03400346
0.03659743
0.052916892
0.92648786
0.92175245
0.04836033
0.03704306
0.05909969
0.82592416
0.5637795
0.9095525
0.09327846
0.113280945
0.85155624
0.09256482
0.10964795
0.07250344
0.052332
0.052211974
0.043572243
0.034880906
0.029069463
0.026562037
0.030368976
0.09486413
0.9172385
0.4488299
0.95440966
0.95209163
0.9327557
0.92159265
0.8653637
0.7755121
0.13633743
0.8327794
0.10127188
0.093711205
0.87303054
0.052756395
0.033649776
0.03454514
0.050223093
0.04181961
0.038421463
0.05829234
0.8035653
0.13803868
0.122856826
0.7626658
0.3246928
0.17469351
0.726766
0.22621788
0.7058524
0.06134794
0.04695585
0.052244145
0.08271623
0.14916086
0.14864583
0.16646165
0.81109846
0.19077724
0.2550031
0.33140117
0.33039898
0.77712405
0.092065625
0.07323269
0.08670724
0.10064687
0.102208495
0.18437517
0.19922487
0.17131194
0.29652828
0.72659254
0.055803653
0.04244849
0.03862511
0.03933462
0.045335583
0.042568296
0.045581497
0.87855625
0.8719441
0.8681813
0.09031677
0.08108641
0.046649497
0.03264518
0.0279704
0.03002569
0.041183427
0.833805
0.07675632
0.053563155
0.054884233
0.056865614
0.05704125
0.06646119
0.070706084
0.07201563
0.06846647
0.07511171
0.071858555
0.07221734
0.116784416
0.15006818
0.24489138
0.24068373
0.40777668
0.880135
0.8555015
0.8579188
0.87376934
0.86729264
0.18077199
0.12698561
0.08031258
0.06222319
0.08543406
0.13207553
0.7842358
0.17002586
0.125124
0.11213802
0.08750282
0.080823
0.09600343
0.11590871
0.110939234
0.10722163
0.07870117
0.06078609
0.046797372
0.043247685
0.054181855
0.8035391
0.08791738
0.063906185
0.10657747
0.7707524
0.83751374
0.92347777
0.9302613
0.14502071
0.10478761
0.90035754
0.036642097
0.028387414
0.03313873
0.10172077
0.9355258
0.9384131
0.8907846
0.88714415
0.91627127
0.89547926
0.8947081
0.8464998
0.13785143
0.6480087
0.057373084
0.0517574
0.08258759
0.8849329
0.07325794
0.053493287
0.068114154
0.06908413
0.12877272
0.8706941
0.070599414
0.043626808
0.045020502
0.048627704
0.05420676
0.07500701
0.09442313
0.68478435
0.19744055
0.16146317
0.23733625
0.7059341
0.3300008
0.33196032
0.54973036
0.5241035
0.5270949
0.5298523
0.5389372
0.57084274
0.29584923
0.27371863
0.45316544
0.43266124
0.2076396
0.17301753
0.16873941
0.1769081
0.2224907
0.3317137
0.5975155
0.8007647
0.65396565
0.52608716
0.54848117
0.45670226
0.45047978
0.3259792
0.28739932
0.23562396
0.22146893
0.25001127
0.3376251
0.7004072
0.43354002
0.36683455
0.54676056
0.6793535
0.46140057
0.41934237
0.68676555
0.23380156
0.13487332
0.1468384
0.17336111
0.30477557
0.7990687
0.3863753
0.5566015
0.8105454
0.63918895
0.6030734
0.7422162
0.82665735
