0.87204826
0.7945878
0.6879047
0.6199509
0.61738485
0.6557043
0.70554364
0.7692814
0.88280064
0.91200864
0.9026699
0.43284404
0.22538209
0.14370771
0.1524821
0.69751567
0.2689988
0.16535139
0.19361001
0.7861097
0.13550602
0.108494684
0.10694031
0.106647745
0.113053724
0.113916226
0.10804703
0.13229139
0.0822961
0.068802305
0.092592314
0.75972044
0.0678863
0.05231767
0.053588893
0.0727058
0.7957694
0.7707638
0.07331838
0.040237155
0.03777939
0.060654186
0.13486113
0.2608575
0.88680214
0.8732028
0.8510144
0.8298739
0.079945
0.06109017
0.07222111
0.12810692
0.8247053
0.13246164
0.09986961
0.7619074
0.7841805
0.11665805
0.10584639
0.06593091
0.06582297
0.75805104
0.08430252
0.11385986
0.8829945
0.86794174
0.094748065
0.07718802
0.097438425
0.1550506
0.122982025
0.055994093
0.044120025
0.044151366
0.06902768
0.76270217
0.8114599
0.840295
0.90488684
0.9024315
0.83856493
0.7757977
0.13865702
0.08237157
0.065596186
0.05201057
0.05283179
0.09282087
0.7796865
0.8363189
0.87898177
0.8226069
0.078220226
0.07332022
0.11637246
0.22218665
0.2877386
0.43348393
0.20897959
0.117940724
0.11048179
0.1098058
0.12015872
0.1534283
0.107548095
0.08175295
0.08095254
0.6759931
0.7059794
0.77634263
0.71805215
0.11450109
0.06658027
0.08729953
0.2551716
0.7934822
0.1364699
0.10866804
0.09907581
0.053845197
0.04121424
0.038393047
0.043801557
0.07391026
0.068365045
0.038921427
0.033217076
0.047956523
0.8837766
0.9161575
0.03632968
0.023926899
0.02294013
0.033062045
0.08657214
0.914552
0.25193998
0.0959428
0.14512356
0.88465625
0.8929709
0.91420263
0.8958697
0.87989616
0.870222
0.8638814
0.8751692
0.12317183
0.07013445
0.10099557
0.9041238
0.06632347
0.04540113
0.031047622
0.03269589
0.06268628
0.9289966
0.14876756
0.048501678
0.039984882
0.043990396
0.044866223
0.04129493
0.03873306
0.036515847
0.038382377
0.044265486
0.043902308
0.049784657
0.804104
0.8167514
0.11245661
0.054407157
0.047167767
0.062138405
0.8344386
0.9420597
0.9442841
0.07850933
0.04320223
0.035796605
0.034143336
0.034543738
0.042435177
0.068302125
0.8182922
0.8651021
0.1624785
0.14673811
0.851918
0.7885091
0.09984963
0.08407741
0.12489449
0.75287676
0.2077504
0.14363472
0.15577085
0.28508705
0.8400647
0.11559852
0.07067543
0.06762574
0.06537138
0.058649696
0.052004997
0.054746915
0.07623809
0.8702813
0.75171906
0.07055159
0.058472447
0.0777193
0.7746369
0.80513066
0.8038882
0.8375313
0.17504416
0.0891339
0.1350402
0.81654084
0.08306227
0.06843058
0.055444222
0.032718096
0.028272247
0.031492654
0.041274413
0.08019457
0.9123567
0.8542337
0.16012606
0.2463522
0.21586859
0.8801037
0.30155542
0.3236723
0.91170216
0.8987305
0.12210659
0.090632625
0.10599983
0.09612798
0.12254904
0.8332713
0.7623479
0.15131657
0.17252782
0.14435172
0.1635049
0.24796782
0.70570725
0.6941768
0.6887954
0.6843482
0.4590056
0.3088211
0.21916863
0.1670729
0.16220056
0.08567233
0.18538876
0.24012098
0.26894048
0.26894048
0.26894048
0.23554035
0.5633371
0.19401643
0.1782156
0.18062674
0.2150885
0.17470166
0.13921663
0.15617809
0.630867
0.67745835
0.7882677
0.2514183
0.1120245
0.081814826
0.071499616
0.09773047
0.8423471
0.114678316
0.08494325
0.11090465
0.09674304
0.10859995
0.084914714
0.09146663
0.24815913
0.9006143
0.8801762
0.9107143
0.15524346
0.05484272
0.0384528
0.03463807
0.03381253
0.038083754
0.045379788
0.08838333
0.9149249
0.90193677
0.2591807
0.2530345
0.79110795
0.26374865
0.70383286
0.8093766
0.16632718
0.07525916
0.07478314
0.12660222
0.8707341
0.8662085
0.79485613
0.80097586
0.8443778
0.8195656
0.84272563
0.82931966
0.26555187
0.8419654
0.15976335
0.14327045
0.21069765
0.772028
0.8220773
0.17425083
0.12763305
0.1447953
0.08851117
0.14713757
0.095510736
0.08886075
0.08660381
0.09204765
0.11597111
0.10190589
0.07445572
0.05855266
0.050298214
0.056682296
0.8422469
0.8537858
0.75539017
0.07872735
0.052413702
0.07781153
0.79610485
0.8776108
0.8612755
0.89560133
0.8687012
0.051197167
0.02477474
0.024222547
0.036858615
0.8876549
0.9034707
0.9352358
0.9636253
0.9552461
0.07715119
0.03981889
0.03217838
0.05543067
0.90721464
0.8400302
0.77059644
0.7949016
0.85838264
0.075366035
0.056140155
0.07542474
0.8539441
0.91533655
0.916483
0.07975946
0.044870757
0.044496518
0.06959852
0.90162647
0.12904938
0.078500755
0.060270116
0.05674148
0.046610493
0.05456138
0.06102702
0.079148434
0.879181
0.8705357
0.06936211
0.060889892
0.08641408
0.09593054
0.7774465
0.1447902
0.059590932
0.04350723
0.054148074
0.8697075
0.9186231
0.19136998
0.099055216
0.06722936
0.042482164
0.034005806
0.026607454
0.022701062
0.02064693
0.030571569
0.8716133
0.88127
0.92234856
0.94716203
0.9499036
0.9625111
0.9567308
0.9308687
0.031889644
0.01931452
0.017335752
0.021262892
0.031168407
0.03304516
0.043628298
0.07172251
0.12067886
0.93579733
0.92219067
0.121105544
0.115186766
0.15546638
0.20529035
0.91249305
0.8947746
0.09801159
0.07151916
0.059826296
0.069876716
0.7377853
0.7780328
0.7858451
0.88973844
0.90419483
0.09290982
0.06178249
0.06411591
0.08759608
0.8238177
0.8728729
0.8549754
0.86894923
0.8291679
0.13329397
0.13099037
0.09923089
0.08450622
0.07510372
0.1006451
0.1478215
0.8106664
0.8824644
0.87436384
0.9020143
0.3141793
0.17322081
0.16670975
0.83026505
0.8298785
0.8842902
0.89682424
0.87161124
0.9052084
0.90674126
0.050242312
0.03528117
0.042060725
0.8271672
0.1806547
0.06553745
0.05039131
0.065487735
0.06096418
0.056221172
0.8395759
0.85510343
0.89263415
0.94112897
0.9394425
0.10796788
0.10210351
0.16964991
0.89424795
0.9475594
0.9505596
0.108283654
0.08086182
0.049335018
0.03286226
0.028090958
0.029669225
0.042413443
0.07132338
0.12679616
0.1449151
0.24464759
0.9122898
0.8946163
0.9139355
0.88571286
0.87441206
0.874882
0.06562123
0.043612123
0.04731369
0.07886462
0.08164602
0.8333476
0.04176685
0.025702769
0.022685826
0.02262487
0.028314259
0.027602661
0.042009976
0.9076806
0.8760358
0.91574943
0.08231256
0.033357278
0.025806416
0.024026997
0.024453983
0.027670847
0.041370016
0.8083432
0.20019434
0.13229282
0.13325769
0.8600029
0.17459582
0.2938319
0.86321706
0.8676032
0.0671925
0.0733671
0.07040284
0.08298856
0.1546079
0.22839525
0.8731018
0.45139325
0.2201009
0.35510498
0.79392195
0.8034575
0.82274705
0.070311554
0.05466355
0.0788325
0.07307117
0.08505871
0.7672657
0.7619796
0.76918226
0.14176214
0.1509976
0.11675261
0.09344161
0.1061242
0.7356743
0.7388705
0.76542646
0.16503696
0.12662786
0.13855138
0.7494806
0.10339244
0.08099741
0.07474033
0.0755681
0.08375328
0.09670113
0.14031123
0.09194134
0.08345828
0.1564226
0.8685224
0.8371229
0.89562833
0.90852654
0.2380341
0.19455078
0.28966084
0.29577383
0.39765826
0.8671587
0.7831587
0.77434564
0.7954331
0.052786883
0.037391942
0.034039814
0.04956262
0.91069436
0.06065997
0.041094784
0.042851705
0.08250991
0.13862355
0.89857864
0.8518699
0.82249326
0.8105667
0.7840747
0.796796
0.07359916
0.04987559
0.054293945
0.07544571
0.08632284
0.8231235
0.9171814
0.91531783
0.10602654
0.09030893
0.10436296
0.09577247
0.73516923
0.7039233
0.7713989
0.30037764
0.2879568
0.21151523
0.18336335
0.22297455
0.7928007
0.85689485
0.80425394
0.59552705
0.08013188
0.07014729
0.07227311
0.14449151
0.80473596
0.71306914
0.7024041
0.8093726
0.82835346
0.904695
0.11362961
0.04393491
0.02786148
0.02256368
0.021173727
0.022274911
0.025630558
0.028430887
0.029697023
0.033517294
0.052400514
0.8615304
0.195696
0.08695072
0.101231195
0.14871904
0.79534405
0.75690395
0.72402537
0.15260698
0.11055594
0.08481951
0.10978487
0.80047137
0.10198962
0.0953609
0.067102306
0.070811465
0.1144324
0.102226086
0.76973766
0.13331813
0.2297781
0.21106716
0.20712492
0.248844
0.18165998
0.1536284
0.15237245
0.17576371
0.17026426
0.1826087
0.21904518
0.2865684
0.42895722
0.3819837
0.32537314
0.37529418
0.68139595
0.3294863
0.34031966
0.65837055
0.2440964
0.16294077
0.18093826
0.23085314
0.40545025
0.7522043
0.421598
0.5674787
0.7495762
0.35519382
0.31331813
0.39536178
0.79626054
