0.9127929
0.79798746
0.12857306
0.12293349
0.16801247
0.23525164
0.75500274
0.6420127
0.31573185
0.49760726
0.7932686
0.24057277
0.16786936
0.16767488
0.22238186
0.6349019
0.37661105
0.27710682
0.29114002
0.6769948
0.26581183
0.52432203
0.2315851
0.22044839
0.6074107
0.3168365
0.22744165
0.26791993
0.19429088
0.16361617
0.14803933
0.1273793
0.10681547
0.08870976
0.072722845
0.059713807
0.04886848
0.04185455
0.038365956
0.038696878
0.04490651
0.058296606
0.09342389
0.08081573
0.06432439
0.06971246
0.11920038
0.75963646
0.1516408
0.15877457
0.699806
0.73454016
0.8163582
0.74856496
0.7115002
0.6972178
0.71356434
0.73370314
0.24154234
0.16183074
0.73709714
0.10223387
0.07876823
0.09802926
0.18132202
0.8220913
0.7577834
0.7703978
0.8280812
0.9195589
0.9352021
0.13716479
0.070783794
0.04806426
0.04873616
0.0609338
0.09515145
0.12407399
0.9052127
0.8591087
0.73939854
0.67414856
0.64508766
0.6471286
0.68788946
0.5967327
0.58845
0.5973816
0.61839324
0.6226495
0.6214845
0.60599434
0.6006606
0.1950289
0.101845466
0.1082926
0.68222106
0.2842535
0.12764415
0.08878063
0.07382802
0.078623444
0.1419071
0.8768458
0.12714863
0.079862595
0.07475576
0.10162709
0.7908438
0.8333376
0.7402175
0.11564321
0.08336153
0.17896539
0.8539233
0.8226519
0.8184979
0.82873154
0.83594346
0.7570613
0.107935
0.08569143
0.12402682
0.869528
0.3357642
0.082599804
0.053923924
0.0874986
0.84570175
0.8900818
0.04175386
0.027994651
0.026460042
0.040992107
0.10553123
0.9250298
0.9164372
0.15952033
0.16097525
0.8423345
0.28888556
0.87922513
0.8582992
0.8307512
0.79371184
0.20775762
0.78432876
0.22829407
0.1651058
0.8371948
0.90135574
0.08878464
0.053584598
0.036726367
0.039929386
0.0811842
0.9277562
0.18705381
0.054049976
0.03918358
0.03754875
0.036057174
0.03373899
0.034423873
0.043460738
0.8665019
0.081106246
0.044578817
0.039070975
0.039320152
0.044453148
0.0712558
0.77672887
0.07458269
0.063723214
0.07578582
0.1086188
0.18000902
0.14642388
0.12728378
0.12415622
0.14147192
0.13342173
0.13623153
0.1498259
0.17337884
0.3026976
0.786603
0.20082454
0.1604866
0.07330936
0.05100001
0.052029535
0.08603371
0.8009102
0.21318379
0.12403654
0.108716
0.18873085
0.83838993
0.7716569
0.07700746
0.06161662
0.07184874
0.094423704
0.682523
0.096483335
0.086162455
0.09533877
0.07357374
0.06432572
0.057576105
0.058524534
0.06955393
0.092799634
0.133782
0.24779762
0.7559316
0.71179754
0.7076708
0.14848477
0.16771704
0.31870133
0.81419677
0.73744553
0.72386986
0.71188176
0.6961683
0.7092945
0.20131548
0.13261035
0.16339967
0.85407555
0.85630125
0.90017265
0.17133893
0.15795268
0.24746038
0.26500976
0.1592988
0.11832986
0.14564674
0.1012399
0.10006548
0.110713825
0.09523162
0.088562176
0.09136043
0.07022448
0.059041437
0.051067017
0.044507284
0.045126967
0.05161597
0.07915401
0.91357994
0.9258839
0.90942794
0.91753244
0.06478856
0.037024304
0.035427656
0.054930083
0.82153445
0.8901481
0.856163
0.052830126
0.032088123
0.048473034
0.84304255
0.8924062
0.91144025
0.8640129
0.05524278
0.038781628
0.05612363
0.82511616
0.85924846
0.82962
0.075021535
0.056111667
0.055561736
0.095700115
0.86852455
0.10418911
0.08721259
0.109693505
0.10007271
0.10541631
0.06824072
0.07015035
0.0723769
0.060921255
0.06543676
0.084262036
0.0776514
0.07353585
0.8524033
0.081163935
0.042387627
0.14814374
0.90931666
0.93829775
0.95796007
0.9475776
0.087427475
0.05558201
0.11639251
0.8603278
0.067428246
0.063314885
0.045496356
0.039626654
0.05170421
0.12856066
0.90358466
0.88440806
0.83033615
0.83741325
0.8778914
0.87696266
0.8815516
0.86564684
0.81259567
0.7918728
0.72994804
0.13071209
0.0878148
0.07408705
0.07840101
0.092729926
0.11923728
0.17645551
0.7045732
0.74639994
0.11443582
0.103773944
0.1327568
0.18911736
0.27625278
0.29555947
0.77707076
0.7253015
0.73866177
0.6973306
0.17767423
0.25652456
0.20727102
0.6478113
0.6563339
0.6926813
0.72985506
0.8087549
0.80532545
0.8080882
0.20428863
0.17428185
0.15863235
0.7345136
0.72329575
0.71763134
0.1898176
0.23482497
0.29999048
0.28833118
0.184917
0.12720142
0.7257649
0.7911513
0.12948176
0.07374988
0.06467567
0.054868843
0.04934475
0.040031828
0.034241628
0.08523475
0.9264122
0.95274746
0.9510974
0.9430054
0.07296585
0.04717576
0.062204953
0.8781455
0.091488026
0.056149043
0.06498512
0.11275877
0.13679488
0.8447502
0.82896817
0.84894437
0.9215159
0.9267733
0.8733125
0.8759463
0.07385327
0.052159686
0.04894147
0.060899977
0.057525296
0.059286635
0.8326236
0.8661426
0.9277602
0.9413204
0.1527397
0.12461424
0.09981887
0.0739314
0.061752543
0.076639704
0.11635919
0.07695515
0.073039584
0.084493905
0.12063439
0.88624513
0.8533905
0.92215115
0.91418815
0.08737109
0.063276574
0.06451809
0.08598739
0.774556
0.83052945
0.19118513
0.23684476
0.42046744
0.866567
0.8976537
0.8836368
0.82050294
0.34222022
0.3314973
0.27146927
0.88881993
0.8941086
0.13615265
0.11505853
0.07029244
0.06191918
0.77405894
0.80292886
0.8147361
0.9124026
0.9254167
0.07387523
0.053050097
0.058366723
0.079937965
0.82847154
0.8796515
0.86240655
0.87907803
0.83953077
0.13436563
0.1250443
0.09910071
0.08515497
0.072672985
0.09694315
0.14300472
0.23585649
0.85532844
0.8103514
0.8871103
0.8780549
0.72387177
0.69125193
0.83800346
0.22414073
0.3246761
0.33447444
0.27022117
0.8624996
0.8513365
0.11694001
0.08318211
0.63108695
0.17284535
0.8343672
0.8167745
0.8265234
0.8778867
0.85096717
0.2396489
0.66834664
0.19128288
0.24021561
0.876831
0.88693637
0.14672287
0.12176029
0.11294094
0.13535348
0.90113693
0.8908611
0.8394496
0.79446995
0.66504717
0.56481946
0.06486304
0.060794193
0.070532456
0.12059807
0.8429428
0.81656384
0.89164567
0.90924805
0.87633306
0.18117991
0.10397464
0.07878056
0.10686307
0.90256035
0.84466517
0.09959578
0.0940453
0.06724563
0.053250592
0.059228804
0.104920715
0.85127985
0.2025567
0.6581646
0.12700716
0.13447466
0.74225086
0.806844
0.89482903
0.08599343
0.04150145
0.038607523
0.043539938
0.06781048
0.8263624
0.83218294
0.86781824
0.8983199
0.88607913
0.88538337
0.8968729
0.8763124
0.880252
0.9124198
0.06848913
0.032090362
0.028634807
0.028948639
0.04706026
0.8977853
0.86722654
0.88668233
0.4378735
0.46231833
0.8761243
0.30731383
0.8765721
0.08997021
0.06056864
0.074618675
0.13149077
0.13208441
0.11623082
0.6459561
0.60924315
0.15021354
0.18655694
0.3443842
0.26718384
0.20452891
0.18037675
0.17103428
0.1731014
0.17752782
0.513586
0.57239956
0.508113
0.17763895
0.12619787
0.12138346
0.11602228
0.11903401
0.13565479
0.13001382
0.121571794
0.1592557
0.82675046
0.8225385
0.8480184
0.8488275
0.87950563
0.869523
0.83187306
0.8195781
0.8336145
0.8105951
0.8077372
0.8058946
0.74611163
0.7202907
0.29695386
0.26130328
0.7554902
0.7303228
0.15963557
0.17493264
0.12581214
0.12591872
0.29304704
0.39319935
0.30661753
0.88460934
0.79263645
0.049512617
0.037667617
0.03505307
0.045229282
0.79632705
0.043248665
0.02980097
0.029973006
0.034374397
0.0691549
0.93278354
0.174231
0.05739467
0.0733243
0.89806926
0.109317675
0.04882487
0.08013919
0.910803
0.9322223
0.92241836
0.8740905
0.8493272
0.9103596
0.9373373
0.94228655
0.21694176
0.049053125
0.031054454
0.023217337
0.022386143
0.022173634
0.025217816
0.023125755
0.094210364
0.9658211
0.9627651
0.9619394
0.9458343
0.030696545
0.018047005
0.015445696
0.015325937
0.017422972
0.020715294
0.023497267
0.026606597
0.029394897
0.02760146
0.031236604
0.06190208
0.7902467
0.7569373
0.75850284
0.7375596
0.09594441
0.09276327
0.110313356
0.27074802
0.7739257
0.72269934
0.07249515
0.047383927
0.06403032
0.8207432
0.8123216
0.73795724
0.102902435
0.092083395
0.14721712
0.88764703
0.21377355
0.1345589
0.13466457
0.09614028
0.08077942
0.08184729
0.09747345
0.102199785
0.11066126
0.13342915
0.1787722
0.36097908
0.6534886
0.26503688
0.27881983
0.6721494
0.2518464
0.22832541
0.6767385
0.59114593
0.1514211
0.16974685
0.20322809
0.7401923
0.8033757
0.7809332
0.8412883
0.82575405
0.72561723
0.7698531
0.85651624
0.75163275
