0.8738037
0.7899504
0.67642677
0.61683774
0.6171831
0.6364039
0.7009569
0.65701133
0.47006148
0.5785374
0.80029446
0.7243432
0.6623117
0.62548125
0.30276042
0.29887617
0.80065835
0.20664896
0.14861642
0.15506142
0.12651448
0.10625537
0.107821174
0.13536909
0.72026545
0.7217288
0.22537956
0.21960784
0.11964654
0.087243505
0.069038846
0.051850405
0.038655955
0.02696671
0.023072548
0.02794934
0.07650588
0.86041623
0.8527223
0.8565596
0.09075514
0.06031475
0.07073297
0.055102155
0.046871316
0.046812702
0.053370856
0.059674416
0.071292154
0.08452843
0.15386161
0.14307863
0.31889802
0.19455028
0.19244379
0.20511107
0.19685492
0.18490867
0.80701774
0.17079203
0.11399586
0.09467758
0.109608375
0.7540318
0.3978405
0.29818833
0.69852877
0.68113154
0.7092866
0.81746656
0.48136386
0.31250668
0.7679568
0.073689945
0.061112463
0.07209625
0.1122796
0.12988827
0.16956642
0.14338024
0.099679224
0.090794556
0.084658906
0.10889319
0.074696295
0.17377175
0.24908496
0.26894048
0.26118225
0.23526171
0.20871432
0.18448518
0.16911091
0.15743755
0.15327764
0.17311004
0.27632466
0.72749877
0.24954243
0.1872472
0.1835345
0.23118809
0.66953963
0.43388262
0.29316732
0.23357047
0.2183826
0.25649968
0.6435072
0.6900386
0.6142002
0.61986583
0.64780927
0.67569077
0.70092493
0.6696228
0.66521883
0.6957073
0.3153963
0.1309118
0.10000901
0.092839874
0.09979262
0.18090336
0.16611499
0.079345144
0.0487002
0.06732374
0.8412784
0.88932645
0.05044565
0.03397781
0.03227567
0.045055877
0.10052256
0.899873
0.27108213
0.10645924
0.15533091
0.8692933
0.87826157
0.89944124
0.8816511
0.8631028
0.8516027
0.8422231
0.85665387
0.13662903
0.0789712
0.10443572
0.9025392
0.06462337
0.04091537
0.028310604
0.030249067
0.05996415
0.93065274
0.12495731
0.046705134
0.039273653
0.041338384
0.042554308
0.040181346
0.040915087
0.043209642
0.046492655
0.04812948
0.044473387
0.041542895
0.0409933
0.04811543
0.072666965
0.6476028
0.0774887
0.059176795
0.07660406
0.20473087
0.1912045
0.16530593
0.15257564
0.1614712
0.16212183
0.14459336
0.12680104
0.123520486
0.14052594
0.8399406
0.16367914
0.15347607
0.15497145
0.114301756
0.08992533
0.07580658
0.083656475
0.12242953
0.8654119
0.13365434
0.12532994
0.14891906
0.16872135
0.111001566
0.07346145
0.051119313
0.03827194
0.031661224
0.032264143
0.0408626
0.088322155
0.86559844
0.8238032
0.088516
0.031244425
0.024206636
0.024320079
0.024362594
0.024641324
0.02691494
0.021717975
0.0162732
0.013205075
0.016327849
0.08102085
0.95265335
0.96368456
0.9438185
0.9190191
0.02893794
0.015389621
0.016852133
0.026052654
0.041456822
0.829942
0.916897
0.9081788
0.95385975
0.09886969
0.05897677
0.061765086
0.0557843
0.039996438
0.040814053
0.055636324
0.04675947
0.048343834
0.06488667
0.057556022
0.083869696
0.7565187
0.1678761
0.24701759
0.1238408
0.10991917
0.12655959
0.1350856
0.14268969
0.9177171
0.92789656
0.89625454
0.07327143
0.039142504
0.03452243
0.03303951
0.033109378
0.039085962
0.050358836
0.03990356
0.024502728
0.016185604
0.014060704
0.056838386
0.93964404
0.95202637
0.9319168
0.039054316
0.023600068
0.023678385
0.03616147
0.05658516
0.046752755
0.04748284
0.82183903
0.04578507
0.03887518
0.05362169
0.05525024
0.09449947
0.8452898
0.14916117
0.12913698
0.093329884
0.11021327
0.24486627
0.79249805
0.30612457
0.18913662
0.119838804
0.100028045
0.08967352
0.07659117
0.062985495
0.05806324
0.0547468
0.05267463
0.06377659
0.06265758
0.05105607
0.050006513
0.060107388
0.06415458
0.87166506
0.9014885
0.047908835
0.03636549
0.0442435
0.11437958
0.9098981
0.9071527
0.21235496
0.33250263
0.91379064
0.9072045
0.9101381
0.9014626
0.86379635
0.8496819
0.7542032
0.707673
0.19682345
0.13210557
0.7027005
0.060353808
0.048078656
0.051181983
0.079489455
0.88570505
0.82771724
0.07588248
0.07544484
0.11128779
0.9320044
0.9094635
0.8730914
0.07509421
0.055131532
0.05178924
0.051610723
0.056511816
0.048818495
0.048319515
0.063353725
0.098935835
0.12453421
0.18930066
0.20101634
0.3224755
0.065864824
0.04551667
0.0407973
0.033939086
0.039904024
0.63974696
0.057747796
0.09235678
0.93373066
0.93490636
0.17593524
0.121214956
0.06293954
0.059532277
0.04630467
0.036063798
0.027192054
0.02416412
0.02371077
0.019269096
0.017684843
0.06021022
0.9541831
0.97013444
0.96409833
0.9278632
0.03041574
0.022069823
0.03877795
0.910403
0.051645957
0.028739328
0.028866675
0.03671722
0.038292542
0.043706413
0.057302907
0.084911935
0.17112009
0.88339776
0.7932108
0.14855203
0.18070251
0.71131176
0.17125238
0.2711843
0.6431252
0.11872138
0.11047856
0.18328679
0.90589267
0.9137508
0.17319484
0.14497165
0.095242694
0.07429996
0.052855108
0.035490632
0.02323955
0.016655907
0.012930839
0.012637222
0.052874394
0.9711246
0.97590226
0.97897583
0.9767387
0.032520566
0.016712217
0.015106075
0.017601207
0.025016652
0.04165361
0.04293222
0.054391
0.085141525
0.10639566
0.19075847
0.8698976
0.7740796
0.75978136
0.83246326
0.85505146
0.9195781
0.9325524
0.06340956
0.04953372
0.037233733
0.033082586
0.03379032
0.0411157
0.041813705
0.05017089
0.046025645
0.034009334
0.039107822
0.9127333
0.9249132
0.9369679
0.95733494
0.07375505
0.044124406
0.036704883
0.036043305
0.037786517
0.032525048
0.029021807
0.0288935
0.030688856
0.03980159
0.053891934
0.088456675
0.12680514
0.18234672
0.17966342
0.12429862
0.11034236
0.15324505
0.16865873
0.2829307
0.8350062
0.29497802
0.8759708
0.8736755
0.19645265
0.093981184
0.06533136
0.067499876
0.11226218
0.12123596
0.1290428
0.16926844
0.15266992
0.08659086
0.07115369
0.083125174
0.86237055
0.89817655
0.89539164
0.849798
0.8444274
0.85148215
0.87063813
0.9195183
0.9357794
0.9231541
0.9314808
0.8993583
0.890287
0.06930909
0.029049352
0.03070665
0.037648693
0.08026645
0.09657528
0.24743134
0.9188046
0.1131967
0.1024749
0.059480984
0.036100157
0.054110553
0.9335862
0.8866529
0.058793187
0.06773123
0.040437564
0.028791765
0.026104623
0.028376304
0.035016548
0.03125177
0.028547773
0.031069435
0.058910046
0.84735364
0.83121955
0.91023684
0.07219206
0.027326109
0.02401935
0.02629512
0.048324935
0.873897
0.87475604
0.44015682
0.9278669
0.91720945
0.91892046
0.9283753
0.2848593
0.88067293
0.9286601
0.052758086
0.024942089
0.023245957
0.021477636
0.037305363
0.92442125
0.9187581
0.93620884
0.17545402
0.07396039
0.06684164
0.050488204
0.04972739
0.05060662
0.05536401
0.07028578
0.12336606
0.107223295
0.08825233
0.7293431
0.6772023
0.12325941
0.13465022
0.2123109
0.18165603
0.15376441
0.56064594
0.5294335
0.5168539
0.54990566
0.18843661
0.13885424
0.12176151
0.12920366
0.14198728
0.153739
0.16105726
0.57866514
0.07803641
0.065498784
0.069360666
0.07270194
0.09940535
0.12485016
0.221966
0.27774912
0.50071514
0.8586521
0.8283623
0.828165
0.846998
0.84084857
0.21616186
0.17032957
0.10710714
0.07818948
0.11009377
0.17731482
0.78286964
0.21214697
0.16955803
0.22158615
0.16374883
0.10797728
0.14631958
0.8801839
0.48557594
0.8944987
0.1092894
0.061069608
0.06306913
0.7694905
0.050760888
0.032540355
0.028025446
0.029635092
0.043045916
0.078995176
0.2423217
0.9366302
0.9313885
0.085651785
0.051604707
0.07155402
0.068743184
0.70092005
0.076002985
0.11595025
0.89579827
0.88718486
0.8043277
0.8053754
0.88073987
0.8930847
0.94574386
0.15472814
0.03008317
0.021222146
0.016826538
0.016751526
0.018497095
0.023286743
0.02283458
0.09547302
0.9675775
0.9646372
0.9635266
0.9445188
0.030778358
0.020604288
0.016751692
0.016902398
0.019792397
0.024659304
0.027575124
0.030120507
0.033232514
0.03585709
0.06173359
0.9179988
0.068204425
0.04245066
0.037404213
0.037353467
0.83580846
0.075573124
0.076765686
0.13082932
0.1296854
0.18723193
0.124621116
0.10760482
0.10568295
0.11213093
0.11096978
0.1150013
0.1291661
0.1777335
0.32395282
0.6799901
0.6672938
0.64406055
0.6273736
0.35348555
0.27671614
0.2300664
0.22739184
0.2423739
0.26613128
0.30860782
0.37307554
0.49942872
0.4556784
0.3928494
0.4014349
0.5727303
0.6296245
0.45143744
0.39381117
0.22217096
0.17887886
0.1997607
0.2295565
0.39531448
0.739034
0.4550131
0.5674958
0.7838486
0.6461973
0.38753456
0.5908652
0.8704761
