0.8752609
0.79609454
0.6710996
0.5985963
0.58233595
0.57899886
0.6347034
0.72244483
0.8630381
0.9044764
0.9192338
0.9120838
0.8373981
0.82079965
0.874613
0.8343703
0.880938
0.23129255
0.09908024
0.10508088
0.08715667
0.07619361
0.07529982
0.07286721
0.075308286
0.0783809
0.07937833
0.100634135
0.06764034
0.06008623
0.05694081
0.04275997
0.030324949
0.022636376
0.018082362
0.017891629
0.052534748
0.88561535
0.87503856
0.8627812
0.070708714
0.045328315
0.048756078
0.03873239
0.030818056
0.029284982
0.03345856
0.03757247
0.04514811
0.060493957
0.14176127
0.7201764
0.7720575
0.08300414
0.064501
0.07340355
0.07797635
0.08715136
0.11810624
0.102313615
0.13713157
0.72577995
0.16158003
0.14132471
0.21714191
0.6992602
0.716899
0.7140089
0.17639455
0.2522486
0.2519895
0.1521798
0.78494054
0.7765122
0.7928774
0.844797
0.8947631
0.8908858
0.92434657
0.9304432
0.09130034
0.04209452
0.032835826
0.027855633
0.027121287
0.027666908
0.037463937
0.8349489
0.078121215
0.041590653
0.03732503
0.034358937
0.03406494
0.037547477
0.04694853
0.08178087
0.7203759
0.75752914
0.1497963
0.11655086
0.1179518
0.13554782
0.68087333
0.31217882
0.13986143
0.113470525
0.1147576
0.13651748
0.698902
0.73551863
0.67842335
0.6975717
0.7365611
0.77336895
0.80370533
0.7841878
0.76655495
0.7872331
0.24496654
0.07784918
0.053681042
0.04925441
0.055620465
0.10525
0.095066875
0.045697086
0.038345758
0.05371458
0.8809468
0.9127746
0.04109921
0.026665999
0.025444921
0.033740453
0.082794845
0.91974187
0.22653395
0.07812985
0.11521671
0.87308365
0.33449677
0.912685
0.9040592
0.8855802
0.85600066
0.16909878
0.8367226
0.12489229
0.07421348
0.11274426
0.9036197
0.0650807
0.041849807
0.02884782
0.030660782
0.05717033
0.9287847
0.13338405
0.04841289
0.042120468
0.04474074
0.04708972
0.045976277
0.04444365
0.042189013
0.04164933
0.041793253
0.03795632
0.034291096
0.03347826
0.040455703
0.06476257
0.79076916
0.05014079
0.040743176
0.050540578
0.10489333
0.8241282
0.812214
0.071771525
0.053667776
0.054170724
0.06379691
0.09884667
0.7142113
0.7034108
0.79510623
0.76123166
0.7915348
0.83759904
0.17274219
0.075838424
0.09120538
0.18064377
0.77556735
0.8248709
0.783844
0.8039291
0.833938
0.8667513
0.81254405
0.10621412
0.039256997
0.031115262
0.028028063
0.02793304
0.031693526
0.07091821
0.9099977
0.8656994
0.056172423
0.02217966
0.017949477
0.019318093
0.022514284
0.024633609
0.02703445
0.021185158
0.015957376
0.012918345
0.015584224
0.0748684
0.95338374
0.9637398
0.94542
0.9198319
0.028361911
0.015267443
0.016802534
0.026328687
0.042496327
0.82782
0.9121065
0.89610296
0.9439334
0.11749426
0.073573284
0.0807619
0.07771005
0.060841687
0.061852213
0.08572755
0.079085976
0.0789112
0.08730928
0.08649999
0.0586119
0.08164337
0.080214016
0.094875336
0.23052092
0.86548316
0.88118064
0.8844856
0.8809827
0.25113502
0.14569263
0.08739302
0.06860859
0.06686136
0.7307919
0.07293544
0.06361659
0.090347394
0.8001188
0.7497468
0.6721355
0.6454264
0.6351751
0.64952034
0.67945147
0.23371583
0.14006919
0.12385687
0.13183782
0.71102697
0.7643518
0.7949313
0.70136344
0.6485184
0.6321229
0.094167516
0.083108604
0.118886575
0.12982659
0.18084118
0.8401749
0.3190128
0.5053966
0.800653
0.8088302
0.19906537
0.09281734
0.09086055
0.10116883
0.091933854
0.09127993
0.80983084
0.0873411
0.06443031
0.12714551
0.8275546
0.8669993
0.9011925
0.8969578
0.12644441
0.077699356
0.11774064
0.8142836
0.060348377
0.046378285
0.03256332
0.029615464
0.036252953
0.09355518
0.93163204
0.93952507
0.5017258
0.60303026
0.9379513
0.936009
0.9451897
0.94537294
0.9113531
0.10837416
0.060712244
0.05506262
0.047155146
0.050504908
0.5788241
0.051843196
0.049572453
0.084309615
0.70331866
0.76850915
0.06588217
0.05287544
0.10158231
0.25711277
0.91257656
0.90323627
0.8488818
0.104446046
0.08281194
0.06523775
0.050926063
0.05312642
0.04938759
0.06680924
0.7989428
0.7643572
0.11963283
0.17649958
0.20232719
0.8954175
0.08374794
0.050039247
0.04531622
0.0632694
0.12067431
0.7932181
0.7787707
0.84332305
0.91198564
0.9104692
0.27195862
0.15472277
0.83731985
0.88002247
0.90860397
0.8964395
0.8935557
0.2198325
0.18271899
0.81809336
0.7622004
0.76778775
0.8218457
0.17780083
0.1216158
0.06723707
0.062607296
0.07932775
0.81447786
0.273459
0.12347274
0.086389184
0.85827667
0.88131624
0.06734863
0.054859035
0.054610867
0.062627405
0.096641086
0.09314457
0.0645077
0.7933656
0.065374024
0.048215423
0.045820836
0.05668844
0.030384975
0.0269646
0.9316337
0.9536423
0.97254837
0.9678094
0.08691731
0.04964366
0.031440116
0.026247688
0.02947685
0.04561463
0.769678
0.052658852
0.0401641
0.05199531
0.11047167
0.86326516
0.85578233
0.90108293
0.4337411
0.2014928
0.13442118
0.63949007
0.11049397
0.12135889
0.17351203
0.16467796
0.23128627
0.8261059
0.82496357
0.8648775
0.8612403
0.7944871
0.8059611
0.8642178
0.8781639
0.9286744
0.93683827
0.08417833
0.06281601
0.04958976
0.044915307
0.050840463
0.0586389
0.058352284
0.06984665
0.06337622
0.049279455
0.05119433
0.87867725
0.8914719
0.9130082
0.9381301
0.120280504
0.08066274
0.07383874
0.07831983
0.086256444
0.06494136
0.045329183
0.03900209
0.04549478
0.07691278
0.1258569
0.906634
0.893455
0.8892513
0.8553076
0.7279345
0.68906075
0.81660265
0.80421513
0.87971586
0.89226985
0.8747637
0.906697
0.9116425
0.24793345
0.8245655
0.042769708
0.038144607
0.050544232
0.055591393
0.06105495
0.081569456
0.070105
0.0682832
0.81465346
0.82568175
0.8665221
0.9217555
0.9136223
0.16033085
0.15230025
0.22454768
0.8458712
0.91863215
0.9262376
0.17812811
0.13992874
0.086231224
0.06409798
0.056588497
0.7286523
0.18925506
0.75129807
0.83842266
0.8536035
0.9058054
0.90960586
0.88803905
0.86980695
0.79604197
0.7212366
0.7368137
0.8188003
0.78950745
0.13038254
0.102724336
0.07555441
0.06743879
0.07271177
0.08191315
0.10315882
0.112526305
0.11235508
0.07116421
0.1152362
0.10550372
0.11462006
0.13189031
0.10537513
0.09293195
0.11462832
0.7212216
0.70177305
0.65017956
0.09823555
0.13375285
0.82608277
0.13727105
0.1723255
0.28600505
0.2657387
0.2937219
0.8619603
0.80334026
0.82530254
0.14939171
0.08192487
0.07891744
0.104054295
0.103719085
0.14913446
0.15754528
0.13473172
0.22912453
0.849563
0.8246448
0.050829705
0.036421243
0.037711356
0.053000152
0.048366908
0.06069379
0.86990553
0.8629923
0.84608066
0.10635217
0.09641775
0.054614786
0.03900524
0.039900478
0.06184358
0.83519125
0.8698078
0.09616208
0.06169629
0.05807776
0.053734347
0.049867082
0.05399438
0.056777373
0.06002957
0.07110403
0.09660541
0.09562709
0.110889226
0.1766089
0.18598962
0.23769532
0.22972247
0.36447585
0.86637574
0.8349342
0.83654326
0.8613848
0.8500526
0.19062993
0.11953388
0.06746009
0.052390277
0.06679783
0.10407105
0.85324377
0.18362421
0.23682068
0.80567634
0.061091237
0.049030505
0.061191626
0.07760378
0.07378238
0.07605753
0.053876713
0.044124138
0.04673183
0.70577693
0.03664178
0.03269393
0.038731072
0.064311154
0.8864314
0.082217224
0.10218391
0.9241922
0.9219068
0.09538897
0.073324345
0.9031223
0.050008554
0.034051683
0.03778493
0.07988307
0.09166503
0.07534268
0.05823117
0.85267717
0.912726
0.9245428
0.9516469
0.14681174
0.026842242
0.0215349
0.018065564
0.017540986
0.019565122
0.02383572
0.022991715
0.097264476
0.9665423
0.9625572
0.96099347
0.9390707
0.03464273
0.01915451
0.015805805
0.0162415
0.018398967
0.02112353
0.022323582
0.025299598
0.04460886
0.8693952
0.83824795
0.8696851
0.092824884
0.07891465
0.07574317
0.078441255
0.09372206
0.8255101
0.12780195
0.08952104
0.050195545
0.046725113
0.76047724
0.75054026
0.7067342
0.055234853
0.04250514
0.044309884
0.05060612
0.06699769
0.13474417
0.89932936
0.82721317
0.1363732
0.13142127
0.10201923
0.10654298
0.10830188
0.12654543
0.13121259
0.14261459
0.17402758
0.2276848
0.32695135
0.29109815
0.2588146
0.31397918
0.72959685
0.29080188
0.24466577
0.26845846
0.17403348
0.14747363
0.17180397
0.20359409
0.25702336
0.3053735
0.27158198
0.8764131
0.8098284
0.6589408
0.65454143
0.77489364
0.8288696
