0.8854349
0.8073702
0.70210314
0.6434095
0.651137
0.6677021
0.68858093
0.7018675
0.7449963
0.82367843
0.44651794
0.2464703
0.16356012
0.14602391
0.18850936
0.65358794
0.7398742
0.26035517
0.21690278
0.22985484
0.18639496
0.16116072
0.16558923
0.17130813
0.19368103
0.22590718
0.28043005
0.76569325
0.6554552
0.20576996
0.17288283
0.16036217
0.15716882
0.16004823
0.17145333
0.18410267
0.175687
0.16796798
0.16084757
0.15374419
0.16471797
0.2455087
0.38136306
0.7319672
0.34877986
0.22099318
0.2259015
0.6371483
0.60730696
0.5930281
0.22177932
0.17521688
0.19958031
0.14742982
0.13078862
0.16008314
0.17790197
0.19595353
0.8412984
0.19690049
0.10053182
0.0800647
0.09042467
0.779853
0.38924998
0.28892228
0.77889234
0.77304214
0.7892601
0.8617624
0.48446104
0.2715003
0.7841712
0.063828655
0.047155254
0.05360087
0.08607611
0.1087702
0.15428387
0.1405118
0.1028194
0.09392853
0.08904945
0.087360375
0.18373859
0.1648664
0.19460186
0.23729414
0.2511983
0.2549012
0.25932845
0.20343272
0.16283654
0.13113791
0.103787184
0.09823751
0.15486485
0.76167285
0.66502327
0.6277409
0.1063352
0.1384722
0.74385214
0.8305182
0.7554096
0.6687806
0.13401236
0.1221375
0.8027448
0.870557
0.07862698
0.053267617
0.052222513
0.0646927
0.100771494
0.107240774
0.13442755
0.14811333
0.1416574
0.11132495
0.120788015
0.18400946
0.15702935
0.44454902
0.29869938
0.26894048
0.26894048
0.26894048
0.26575366
0.25414765
0.19483297
0.17526609
0.18051445
0.18859038
0.19954742
0.33829176
0.8614255
0.21371314
0.18960384
0.19176972
0.2167808
0.8518973
0.2529046
0.1555162
0.14346315
0.13273108
0.1724604
0.8202205
0.7369456
0.20395724
0.19080468
0.13643678
0.10224293
0.07838746
0.068534054
0.10332608
0.42466593
0.9141253
0.85364485
0.7979326
0.12727657
0.062912
0.050224826
0.0453414
0.05397008
0.07049814
0.10996395
0.26238328
0.6219038
0.1749263
0.14450309
0.15003353
0.13154788
0.1199973
0.129331
0.18337718
0.5595595
0.8896865
0.83849436
0.79246
0.7488592
0.14352049
0.069843836
0.0756101
0.09078954
0.100679494
0.11533541
0.12098461
0.20865633
0.15725596
0.17513283
0.1618557
0.16279073
0.16422606
0.15476823
0.15707882
0.13458414
0.13623847
0.13849737
0.12942259
0.095638126
0.06519816
0.046567414
0.036309734
0.030286802
0.030262658
0.03760126
0.082726695
0.87569743
0.83229333
0.08248118
0.029908344
0.023431422
0.023983125
0.02432146
0.02499125
0.027578548
0.022095602
0.01659556
0.013420298
0.016474087
0.081663586
0.95196295
0.96292955
0.9428058
0.91777414
0.029513488
0.015892662
0.017671121
0.028030332
0.044569515
0.8272824
0.91379184
0.90476984
0.95189923
0.11944011
0.07320178
0.08767517
0.08725597
0.06600925
0.06597197
0.09162835
0.08666553
0.086953685
0.09893332
0.12380226
0.12898023
0.25963193
0.19117743
0.1902503
0.310388
0.7809098
0.7881396
0.80584556
0.8364874
0.37094307
0.24715577
0.15818258
0.115549915
0.09608901
0.045100424
0.05700934
0.06543847
0.12713377
0.8368826
0.14147298
0.06659749
0.050952222
0.04298336
0.04222937
0.056070507
0.0788642
0.08877657
0.79900926
0.05388671
0.043560974
0.05453866
0.06493065
0.035109803
0.026928023
0.023365494
0.024768557
0.0573229
0.9167384
0.04254482
0.03238377
0.038039856
0.037464567
0.044426672
0.037277702
0.048069265
0.20780508
0.9384183
0.9265658
0.94609284
0.12896469
0.031250946
0.019379133
0.01673108
0.016832149
0.022242937
0.033467416
0.08361961
0.92631656
0.942522
0.07853002
0.045887638
0.048479043
0.04244382
0.06245411
0.90075636
0.069276206
0.032942742
0.030314837
0.0677553
0.9220871
0.89593434
0.8143428
0.83387315
0.8910136
0.8944122
0.9215581
0.91387695
0.89616096
0.914919
0.07174722
0.040982313
0.030813385
0.030389976
0.032479137
0.042974483
0.06235797
0.15623409
0.88495773
0.8409041
0.088724755
0.06724998
0.084817
0.15638939
0.8645976
0.8628066
0.75656295
0.076067075
0.07050432
0.0673827
0.061286654
0.094476946
0.1057822
0.08932434
0.81323075
0.059352435
0.05756814
0.08559424
0.07408876
0.06429441
0.041617785
0.029680748
0.027291384
0.039350387
0.86274767
0.8114355
0.06489818
0.0482665
0.06981619
0.0444719
0.030963518
0.024806112
0.057172336
0.9440945
0.9444215
0.91612065
0.072278626
0.06457954
0.8891868
0.041414324
0.03179944
0.035122998
0.04229946
0.058068678
0.057112444
0.03573402
0.031058202
0.034107346
0.043577667
0.054244697
0.041350763
0.033869267
0.047926296
0.9014041
0.06803452
0.06211129
0.070628576
0.09619807
0.16682556
0.17989856
0.13570467
0.05222953
0.06319229
0.052279454
0.03627105
0.033399384
0.024876826
0.024399295
0.939275
0.9590654
0.97510874
0.9711041
0.0869843
0.05403184
0.03865479
0.034286056
0.037578158
0.04711536
0.052324846
0.7063255
0.07866338
0.08071557
0.12863071
0.23926635
0.33008912
0.42504597
0.423371
0.32985514
0.3189492
0.35167214
0.39352515
0.3368262
0.33831266
0.25377676
0.30985412
0.77034885
0.7568388
0.7898584
0.77976996
0.6957563
0.7064486
0.77894664
0.78335303
0.8686364
0.88061166
0.07833977
0.072036415
0.051964626
0.044833567
0.04939616
0.057598535
0.061529096
0.06855384
0.066567466
0.05749811
0.061588854
0.8567289
0.8685496
0.888865
0.90959793
0.17232002
0.13604526
0.12737457
0.14727043
0.17341018
0.13737817
0.10616035
0.091900475
0.104786456
0.17523474
0.3166178
0.78408724
0.78459454
0.8175497
0.7265054
0.3862887
0.32044744
0.384374
0.44102022
0.6346217
0.7019714
0.57888144
0.6122326
0.5289861
0.32957265
0.34909838
0.35186505
0.41994116
0.5893439
0.52590406
0.52344203
0.5770296
0.5266952
0.3677134
0.31078932
0.33903182
0.40092972
0.52910167
0.51805854
0.3776808
0.35791844
0.37022138
0.42403588
0.72676164
0.5950617
0.48062602
0.56771445
0.60713816
0.34823725
0.21620557
0.18652065
0.1978689
0.27093548
0.4190108
0.43028456
0.5219093
0.51571196
0.39997923
0.4252363
0.31272322
0.23931693
0.28896034
0.7371192
0.3197782
0.245733
0.26026073
0.17025596
0.14039047
0.124474935
0.12130247
0.13174024
0.12862465
0.15061459
0.11438918
0.16556834
0.13883622
0.140611
0.8265536
0.088530324
0.072125845
0.07221098
0.075153396
0.097971685
0.79985386
0.4628488
0.32607704
0.82583743
0.7501017
0.7174791
0.8005237
0.25163576
0.3223012
0.8063549
0.1332579
0.10375519
0.12685473
0.11853717
0.16902977
0.8150351
0.27561787
0.35210013
0.35382214
0.25664663
0.7995714
0.12395243
0.0688418
0.06566436
0.08507437
0.19034284
0.88401824
0.18440022
0.0516828
0.044750176
0.049134627
0.06690416
0.82528925
0.8805967
0.20789519
0.82258415
0.826353
0.04511534
0.0314808
0.031072794
0.042032436
0.035758533
0.03072682
0.026013864
0.02411723
0.025550826
0.026369018
0.027394589
0.02878864
0.03356381
0.069252096
0.80885154
0.07001411
0.05705574
0.09545337
0.0968448
0.15696537
0.34277508
0.91991335
0.9296471
0.93849397
0.9308158
0.9310876
0.92517185
0.89448345
0.1062795
0.04208783
0.024513034
0.022477731
0.025656631
0.05693624
0.9008586
0.88018125
0.06469782
0.051079627
0.06963248
0.073647715
0.8033607
0.07674747
0.07289955
0.053643346
0.057229154
0.08757319
0.07106382
0.08985253
0.12339964
0.83069086
0.16733968
0.21109374
0.8572494
0.863281
0.30246764
0.7724799
0.78226584
0.10403088
0.06660563
0.074369855
0.12012145
0.2684019
0.8570051
0.75891125
0.7896862
0.90496933
0.93481696
0.93008846
0.14877912
0.05507974
0.048488993
0.043902148
0.043231532
0.041710827
0.040398516
0.03333992
0.08034185
0.9380985
0.9304523
0.9305429
0.9221111
0.050034326
0.03022885
0.029098792
0.031646907
0.039128803
0.0530953
0.067752436
0.08001183
0.08750607
0.1134046
0.090441175
0.06899611
0.05055901
0.04414089
0.03848339
0.030291874
0.02800703
0.03347402
0.075069085
0.9225051
0.869129
0.066357836
0.031957835
0.026175417
0.035653748
0.8588282
0.051064964
0.040482845
0.024730394
0.023883166
0.09772196
0.96311784
0.9658253
0.95983887
0.9556188
0.038768142
0.020071613
0.014833197
0.015616833
0.018126812
0.021559078
0.027232943
0.040373724
0.1548465
0.8970696
0.8954026
0.07766512
0.07365758
0.053551536
0.05961253
0.07916093
0.056694333
0.049300794
0.05718452
0.071280114
0.15332188
0.8958631
0.87960666
0.9058902
0.90896827
0.90673333
0.9129486
0.9209852
0.89461845
