0.8743418
0.7965925
0.6843087
0.6144818
0.59859484
0.58737195
0.6192882
0.6626903
0.7576523
0.86311203
0.89089996
0.88686335
0.8119323
0.80368763
0.8629315
0.8347025
0.8823871
0.21748011
0.08221205
0.08219756
0.06704782
0.062411584
0.0674685
0.08753257
0.77326316
0.7726456
0.17172538
0.17290528
0.08766613
0.0650539
0.05457537
0.044592813
0.034802098
0.026600828
0.022261174
0.02521847
0.06802078
0.86695105
0.85628945
0.8589611
0.08577641
0.0561104
0.06541474
0.051842656
0.04408227
0.04393314
0.050067928
0.056748115
0.068004735
0.07831707
0.12821065
0.13495316
0.26380086
0.16173407
0.15078874
0.16277948
0.15807725
0.15347882
0.8413654
0.14459881
0.09174212
0.076616175
0.09167008
0.7929954
0.39555848
0.28680512
0.75826496
0.7426642
0.7588768
0.84386474
0.43923497
0.29363343
0.7787907
0.06312229
0.049446687
0.05722028
0.09704122
0.121101215
0.17050281
0.16150181
0.11355727
0.09727862
0.08705287
0.11782362
0.6545885
0.19291103
0.15261649
0.1814619
0.19983874
0.22059311
0.23473346
0.18685338
0.15105581
0.12297698
0.10057292
0.0974764
0.15769216
0.76439047
0.6633499
0.6248668
0.102727145
0.13507958
0.74096155
0.8270848
0.75335896
0.6687288
0.13353367
0.122389406
0.8066185
0.87421846
0.07800511
0.052990288
0.051397093
0.061417982
0.09168911
0.098609425
0.12564072
0.13729513
0.13067137
0.104377255
0.095741875
0.12107138
0.12262772
0.4177078
0.27927965
0.25730914
0.23914778
0.22727627
0.20410676
0.19917098
0.1524101
0.13854003
0.14368531
0.15044741
0.17255947
0.3060365
0.8786397
0.18981728
0.16264808
0.16238071
0.18796988
0.87161785
0.22371623
0.13694431
0.13170958
0.12392166
0.1557591
0.775719
0.7398072
0.7552899
0.81829715
0.19927742
0.13893217
0.69092643
0.12837091
0.1567459
0.23530559
0.18757819
0.10909091
0.11317867
0.7449795
0.7347388
0.7311409
0.1317696
0.14196359
0.08068095
0.059503205
0.06933821
0.7816355
0.041130908
0.025189651
0.021228524
0.02088223
0.022169176
0.030072631
0.085203424
0.63001955
0.9621704
0.94890577
0.9309445
0.9124997
0.060560662
0.02577304
0.019602219
0.020908942
0.025011767
0.035220847
0.03298022
0.053087812
0.9353095
0.059203476
0.044685666
0.030242577
0.031166289
0.0358078
0.048853017
0.047984745
0.07324115
0.110428505
0.14483413
0.10753633
0.5671775
0.11316496
0.14730895
0.07652446
0.09512599
0.08211065
0.09104541
0.8069297
0.7587083
0.07089384
0.037470214
0.030582465
0.029766226
0.030579863
0.030552
0.032162745
0.024781369
0.019492636
0.015602304
0.01736759
0.08141982
0.9504641
0.958951
0.9373388
0.9109323
0.029602528
0.016413769
0.018496033
0.029559368
0.046176556
0.84614176
0.92705864
0.91967344
0.9575412
0.109498344
0.07541658
0.08468675
0.075183235
0.050089292
0.04492052
0.056591265
0.046237376
0.047028344
0.055337764
0.07005663
0.78684026
0.8253887
0.7728365
0.8066583
0.11979764
0.05528799
0.06587506
0.08321622
0.10004987
0.9238582
0.9280906
0.9009858
0.066141814
0.033872362
0.030010657
0.029765368
0.0311654
0.038477615
0.05048438
0.040240824
0.024656164
0.015982524
0.013784806
0.054790493
0.93927395
0.9518394
0.93200636
0.039257552
0.023668192
0.023588117
0.035872918
0.056224417
0.04620584
0.04708608
0.81998605
0.045586325
0.03842685
0.052389424
0.053919815
0.09035987
0.8482385
0.14344487
0.12181281
0.08698177
0.09758612
0.21937226
0.7968917
0.26694247
0.15541768
0.10145296
0.082228035
0.07254724
0.062188
0.051850602
0.049665958
0.04881868
0.049479514
0.07918466
0.08917247
0.08155708
0.06928018
0.07773768
0.069660455
0.86088693
0.8927476
0.046000566
0.036306303
0.044387046
0.11011054
0.91005635
0.9071863
0.21239331
0.32742244
0.9123026
0.9054849
0.9084804
0.90037274
0.862079
0.8483503
0.75394636
0.70615983
0.19647923
0.13298413
0.70433015
0.06060734
0.04867037
0.05174808
0.08009248
0.8862167
0.82740515
0.0758555
0.07487147
0.1110186
0.9307459
0.9008405
0.8620559
0.073380835
0.06040122
0.06232472
0.06788006
0.08726686
0.09336799
0.0759593
0.08591288
0.12877257
0.1564736
0.22201742
0.21847928
0.3356409
0.055980273
0.043290015
0.040213116
0.0344695
0.041614056
0.6754191
0.057603836
0.09481839
0.933426
0.93237484
0.17430896
0.11623926
0.059693016
0.055423625
0.045539524
0.035618283
0.026714137
0.024003237
0.023592643
0.019139066
0.01759025
0.059785675
0.9540434
0.9700551
0.96408826
0.92801255
0.030442553
0.022111127
0.038818654
0.91067994
0.05195342
0.028923688
0.029070744
0.03705531
0.03876075
0.044138107
0.0581878
0.08629133
0.17255862
0.8839529
0.7920383
0.14904737
0.18101877
0.706059
0.17145132
0.27236173
0.6367373
0.11715544
0.10970294
0.1866376
0.9024665
0.90833026
0.17322505
0.1459112
0.096387275
0.07437128
0.053135894
0.03492501
0.023037858
0.016879823
0.01315733
0.012754623
0.052813984
0.97092867
0.97581476
0.9788821
0.97665787
0.031899467
0.016858708
0.015243647
0.017970037
0.02508857
0.041406263
0.04411847
0.055727344
0.08800475
0.10951678
0.1925858
0.86404485
0.7647664
0.7446285
0.82125264
0.84149206
0.9107107
0.9259012
0.056658622
0.047495764
0.037113234
0.032362226
0.03354606
0.04097849
0.04183849
0.049845584
0.04615962
0.0350972
0.041033424
0.90757775
0.9207866
0.9335585
0.9547912
0.08429395
0.051088657
0.040130872
0.04048373
0.042598043
0.03582362
0.02917426
0.025699755
0.026381558
0.042489618
0.10925379
0.8957536
0.878273
0.8979916
0.8363256
0.1961337
0.162591
0.21723545
0.28878152
0.47842643
0.7546377
0.45171863
0.53738195
0.5200754
0.3490513
0.44506916
0.52256197
0.7324545
0.7804363
0.46881452
0.40351856
0.43783948
0.37768063
0.24244131
0.18745357
0.19329798
0.22644264
0.3296882
0.32714075
0.22344342
0.19922842
0.19374794
0.24563533
0.8464237
0.25112244
0.118481725
0.14077203
0.13729565
0.118004985
0.10550853
0.09223916
0.10311832
0.13604581
0.8883982
0.29560062
0.5677924
0.8676958
0.8518607
0.8551449
0.8167289
0.2366953
0.20057635
0.75699544
0.71790034
0.120051675
0.14270574
0.11637549
0.107459135
0.13167034
0.17574023
0.15649635
0.12178058
0.14249387
0.13805936
0.13906813
0.10549219
0.12534143
0.85871804
0.08186811
0.05531426
0.047210854
0.05058406
0.069218725
0.7860137
0.3719092
0.26588625
0.850201
0.7950609
0.7889768
0.8419986
0.21913518
0.23305257
0.8599236
0.06968504
0.042378288
0.043252558
0.043199666
0.06115301
0.8999478
0.14423808
0.22385725
0.24902926
0.23800473
0.9232246
0.9148253
0.9132829
0.89230895
0.05797551
0.050564803
0.9210376
0.07823155
0.04216365
0.027730098
0.031183891
0.06641309
0.07845501
0.21692246
0.78645223
0.07014083
0.04112884
0.036398627
0.04603121
0.7816949
0.76849145
0.08355663
0.062307276
0.0425055
0.03009377
0.026271012
0.023159629
0.020548891
0.02132987
0.023251815
0.025589604
0.030341271
0.056186482
0.08404672
0.17225786
0.211418
0.5383526
0.95016426
0.94461936
0.94186825
0.94093305
0.92240757
0.14612572
0.060029373
0.029580837
0.021885548
0.02797032
0.057031505
0.90514827
0.0635612
0.049621053
0.108829714
0.89488983
0.053502582
0.046491764
0.071940586
0.0670671
0.07296639
0.045708746
0.037647307
0.035640858
0.0354922
0.037383273
0.041611545
0.048798848
0.04964897
0.05375871
0.05762776
0.080597155
0.15738037
0.18782644
0.117825955
0.12241093
0.87430906
0.062596455
0.056182493
0.051974844
0.055433575
0.108556286
0.10706536
0.07683883
0.8779213
0.9156934
0.36888725
0.93445647
0.2100929
0.041468717
0.030070454
0.023146711
0.02018233
0.020584425
0.022948585
0.021070004
0.083742425
0.96561503
0.96151394
0.9611246
0.9447014
0.032555778
0.020914236
0.017353158
0.017724937
0.020365495
0.025081094
0.026668066
0.027259799
0.0315548
0.04377754
0.87517405
0.8956231
0.11490228
0.07669835
0.059992228
0.055190634
0.07096243
0.6520326
0.17874108
0.29295975
0.6907857
0.08239649
0.0548395
0.04891948
0.061508078
0.82466954
0.055748798
0.047990683
0.034401312
0.028523024
0.07370762
0.9533382
0.9550479
0.94856447
0.9508916
0.04926836
0.02678665
0.02359706
0.026785854
0.033263505
0.041307557
0.057306048
0.09294531
0.20043813
0.7323698
0.615288
0.65221035
0.7867085
0.6989231
0.24601345
0.22644658
0.15392289
0.12461826
0.13305132
0.16086365
0.29466796
0.85145956
0.80330306
0.8194667
0.79879653
0.72072244
0.75784403
0.8467954
0.74524766
