0.87955904
0.80238634
0.7066661
0.653906
0.7161278
0.8278046
0.82188404
0.48022512
0.54253286
0.624155
0.86825514
0.83595794
0.2865905
0.21855932
0.5694988
0.24256793
0.26143527
0.22710012
0.22101007
0.23683514
0.20279123
0.19336946
0.18913528
0.16526818
0.21214555
0.6498061
0.6319555
0.7086911
0.18444526
0.14057747
0.13195844
0.129437
0.15246567
0.53828174
0.2078163
0.21183999
0.20562457
0.20526443
0.20005953
0.19001956
0.18852568
0.2009727
0.2140328
0.1694552
0.123391435
0.09365105
0.06959984
0.048356935
0.03384699
0.026624512
0.029943159
0.14821544
0.91141874
0.864637
0.8248434
0.81272227
0.082068145
0.065421164
0.06623643
0.05465885
0.052845046
0.056420602
0.065571964
0.075474896
0.0948701
0.15574405
0.11993093
0.24389139
0.2888427
0.42539263
0.3510854
0.22034776
0.6901454
0.10608924
0.100972556
0.112317674
0.19700082
0.19249772
0.19603285
0.15435494
0.10052668
0.10114763
0.81106836
0.81865484
0.16427767
0.057887536
0.04211587
0.0336745
0.02870719
0.026064485
0.024528602
0.027156368
0.060249582
0.8365147
0.78178626
0.09764305
0.20988914
0.9012035
0.86321527
0.8294956
0.7920723
0.093379974
0.13612047
0.91842896
0.93295956
0.068912044
0.04096661
0.041420385
0.034953173
0.033061802
0.023840083
0.023301456
0.026710033
0.035734624
0.045273338
0.04130157
0.05099382
0.06290254
0.068055995
0.043451883
0.033715613
0.03637933
0.07073748
0.9200527
0.91123956
0.13701305
0.09525277
0.09680773
0.09593672
0.10277841
0.13072798
0.10088762
0.2450363
0.26894048
0.26894048
0.26894048
0.26894048
0.26894048
0.25304496
0.2462268
0.24039291
0.24681236
0.19396369
0.14776644
0.16449553
0.71079767
0.20560493
0.80621576
0.7289967
0.19544065
0.19308089
0.15283287
0.11763458
0.098384075
0.09204545
0.15013109
0.4657473
0.8764208
0.8120633
0.75373703
0.17348038
0.0894068
0.07068109
0.06766339
0.07097972
0.0763729
0.08315149
0.1574391
0.11103282
0.10927418
0.10008337
0.11351268
0.10345666
0.0763584
0.056777652
0.057479136
0.10589613
0.808867
0.09766587
0.07309096
0.07747195
0.08681913
0.09239316
0.07302416
0.07405415
0.08186439
0.09246242
0.07348349
0.07244168
0.07685371
0.06469929
0.05507109
0.048125867
0.04457339
0.04203573
0.05445506
0.047954664
0.05924515
0.06960639
0.11774187
0.87326825
0.046743076
0.038567364
0.040513135
0.03359553
0.031886008
0.044935696
0.84839106
0.8980359
0.8685373
0.06075035
0.022658415
0.017313996
0.018592596
0.0214911
0.023704913
0.02596242
0.02069628
0.015804827
0.012879222
0.015903307
0.071991295
0.95366716
0.9646336
0.946964
0.9221114
0.0282931
0.015320338
0.016843027
0.026011817
0.040662274
0.83363324
0.91083527
0.8920119
0.93885267
0.104526244
0.06310474
0.06531388
0.05849178
0.040600084
0.037264764
0.075071536
0.8758169
0.85507506
0.86855835
0.8501816
0.0778038
0.06433818
0.049218174
0.04847799
0.050486654
0.058305938
0.8755578
0.87957144
0.17735144
0.11201259
0.07536733
0.0469275
0.04069974
0.040280085
0.05236857
0.046430845
0.047423102
0.07617373
0.92813534
0.102029026
0.05353014
0.035342526
0.02913021
0.038581014
0.9130927
0.93654615
0.9053859
0.07483502
0.047855347
0.05396065
0.07390738
0.18247674
0.055519793
0.04366529
0.038595453
0.034912743
0.053831983
0.91806734
0.054466143
0.042038992
0.046854593
0.04389588
0.044873513
0.036666494
0.042052984
0.17522897
0.9375631
0.9273486
0.9478066
0.111528315
0.03003832
0.018932065
0.017207012
0.017299537
0.022085698
0.03274861
0.07527396
0.9354462
0.94142133
0.06728129
0.04411634
0.046942573
0.04216224
0.06888892
0.90327495
0.09322384
0.0576093
0.062456727
0.09822072
0.16774313
0.16506755
0.10717388
0.13709633
0.19988635
0.8278143
0.89850163
0.87668365
0.7646795
0.25248343
0.14103718
0.13417974
0.5649271
0.11673931
0.09068058
0.10004962
0.11665006
0.13458796
0.17692657
0.20822963
0.16855967
0.1803456
0.15271518
0.22997129
0.19104281
0.1167473
0.078209735
0.076251365
0.079184964
0.07685007
0.06984014
0.07922559
0.099035196
0.7806589
0.12017009
0.12475024
0.8279346
0.8810122
0.16097336
0.19342278
0.13090293
0.8059949
0.7923191
0.79349774
0.76304156
0.09309314
0.09641797
0.1511429
0.8934152
0.899931
0.15226586
0.0946378
0.76935273
0.15341164
0.87821704
0.098839805
0.06368749
0.06942414
0.092627965
0.09133507
0.10870699
0.16920237
0.25241372
0.3579017
0.37446576
0.25110787
0.49858573
0.16670826
0.20550802
0.31991148
0.37381208
0.4195922
0.35399073
0.35521132
0.2893937
0.3137301
0.36318016
0.4174833
0.5094192
0.47061566
0.34524313
0.107420556
0.1121936
0.08076775
0.0726893
0.07332568
0.05776721
0.04703901
0.8559167
0.90131927
0.9499693
0.94718385
0.21090654
0.16798016
0.1210333
0.09284654
0.09591916
0.11516383
0.12316419
0.13695876
0.16352238
0.21169548
0.28800726
0.42741084
0.44746006
0.56677175
0.4965534
0.25248253
0.15741475
0.14166944
0.1391728
0.16154784
0.76867926
0.72251666
0.70210797
0.33620068
0.26436806
0.22783303
0.17677848
0.12826979
0.15840153
0.8299682
0.28453007
0.915521
0.9059962
0.14838727
0.070284024
0.049836952
0.053336225
0.0741217
0.9006381
0.9194023
0.9488473
0.94527507
0.16797647
0.8313095
0.04205508
0.041387398
0.051138677
0.058098786
0.053048443
0.0499705
0.04661486
0.04455748
0.04247092
0.03811258
0.03422638
0.03286172
0.028935086
0.02786266
0.03474234
0.09381023
0.20058084
0.91074353
0.90150815
0.8003584
0.7564718
0.8822341
0.13093564
0.20519568
0.21587299
0.18442416
0.91390043
0.925931
0.10791516
0.027031697
0.02113811
0.033003077
0.92903066
0.93627536
0.94927186
0.96832466
0.9688497
0.9595306
0.049379323
0.030466855
0.036634978
0.108868696
0.91178906
0.06514798
0.050814494
0.05235265
0.08640602
0.9128065
0.9107802
0.87202793
0.19738914
0.13534331
0.08816178
0.067335114
0.06256876
0.06987888
0.10168211
0.15659128
0.19185276
0.2157473
0.21428639
0.19248386
0.19001268
0.17533831
0.19194566
0.17878185
0.19015469
0.7807189
0.2099751
0.8264516
0.80660385
0.822732
0.051401116
0.04245134
0.047584955
0.035278674
0.032218676
0.030631943
0.032056283
0.033959363
0.043490704
0.92836165
0.034072865
0.025934689
0.024611548
0.029737666
0.047381673
0.8463872
0.39022702
0.2987742
0.91244173
0.88801765
0.8824424
0.9080991
0.14381525
0.16728242
0.8874872
0.06046048
0.03760999
0.042729933
0.044723436
0.071013704
0.8806029
0.14788774
0.17313352
0.15789092
0.0910612
0.079214536
0.05149247
0.050433382
0.04853043
0.055979766
0.8503029
0.8878274
0.062168617
0.0329555
0.029082583
0.03479799
0.05556522
0.8102475
0.85944355
0.21436861
0.79967755
0.7964371
0.051137254
0.0313259
0.03203308
0.045245573
0.0339404
0.027609767
0.024985848
0.024185758
0.0258538
0.027032416
0.027099991
0.028315144
0.033986405
0.06922356
0.80731565
0.06661271
0.05331925
0.0891224
0.09006661
0.148153
0.33304757
0.91996604
0.92822206
0.93564546
0.9251859
0.9284043
0.92895895
0.905997
0.10799142
0.041341
0.023580967
0.021432875
0.024459708
0.055771
0.90350825
0.8854124
0.06209832
0.047263682
0.06496161
0.06673824
0.8248681
0.068257146
0.058476996
0.039494086
0.037590872
0.05342681
0.04487335
0.057855725
0.08671927
0.858216
0.14682749
0.16612533
0.8820094
0.88710374
0.28232586
0.8160827
0.8316732
0.083163045
0.04978875
0.05366471
0.09584204
0.23557137
0.85396767
0.7420565
0.76780546
0.900746
0.9347537
0.9319701
0.15186904
0.056600817
0.04642836
0.039889373
0.036912538
0.03354095
0.033298712
0.029239476
0.084143944
0.9457467
0.940885
0.9400888
0.93058515
0.04425358
0.026157165
0.024530657
0.026685065
0.03199259
0.040468514
0.045076728
0.052240007
0.077583656
0.69575846
0.073117435
0.06290107
0.052323133
0.04400519
0.039273925
0.03188534
0.028828401
0.034717135
0.07263333
0.9265354
0.8732241
0.065736085
0.0313777
0.025835847
0.035893228
0.8618502
0.049765002
0.039512884
0.024798779
0.0238632
0.0945653
0.96247727
0.96554184
0.9597619
0.95582783
0.03819567
0.02007503
0.014805022
0.015645418
0.018161641
0.021620924
0.027102772
0.039792333
0.14945239
0.8935281
0.89261067
0.07582853
0.07017188
0.052613296
0.061125204
0.08533808
0.062930554
0.059386306
0.0730279
0.08708852
0.13514389
0.18350565
0.19232735
0.9181393
0.90047336
0.837167
0.7663058
0.7909389
0.80836964
