0.8898638
0.81067824
0.7144077
0.67762417
0.728229
0.8187349
0.81813395
0.75017667
0.7689
0.83913916
0.8161999
0.68805176
0.64261127
0.635481
0.20787436
0.22585641
0.36253336
0.6232008
0.30370066
0.40814155
0.61658204
0.19537221
0.20121638
0.20239465
0.25684077
0.64047116
0.2750952
0.2691371
0.26123726
0.2226395
0.18514761
0.15396245
0.13930012
0.1299652
0.124417834
0.11810891
0.11293253
0.11647644
0.12291882
0.12608854
0.13711874
0.16286074
0.18924284
0.16647753
0.13236903
0.10547239
0.081576265
0.06041415
0.045842897
0.04672715
0.10738357
0.8486016
0.8636368
0.7804491
0.72662085
0.7419671
0.7858693
0.097542636
0.07324981
0.064359
0.061822478
0.062034804
0.072769426
0.1489203
0.19273962
0.13472219
0.07982373
0.086468
0.12252164
0.23079368
0.20141745
0.11959265
0.7569317
0.05908546
0.051916864
0.05622603
0.09061617
0.09002109
0.09320464
0.06928752
0.048411656
0.04506377
0.04572085
0.056559555
0.71961015
0.04854095
0.049481302
0.7205843
0.043968543
0.028437726
0.024816986
0.026018914
0.042801864
0.83515495
0.81362545
0.80759573
0.86522526
0.91531026
0.9005908
0.078008726
0.0548274
0.08874322
0.11535589
0.2131726
0.7851562
0.113123596
0.10229503
0.755983
0.17140488
0.24970676
0.8543318
0.81358665
0.8145067
0.8753755
0.12470565
0.06705675
0.060493633
0.061178885
0.059367534
0.040428422
0.030913763
0.031640448
0.06380062
0.93475497
0.9250592
0.088573575
0.0666221
0.06140366
0.061985616
0.06788758
0.058756668
0.066350624
0.12478601
0.7130531
0.14059384
0.12634604
0.09878352
0.06827105
0.058915757
0.053674277
0.049831662
0.044849955
0.037216358
0.03051996
0.029592093
0.032223545
0.13934194
0.93750614
0.9068143
0.9028698
0.15600173
0.057759266
0.040252443
0.034217052
0.04031171
0.061794054
0.1004618
0.09816809
0.065834984
0.05825144
0.065434724
0.07203242
0.09576384
0.6788088
0.12430627
0.068776265
0.06134953
0.061130363
0.071165845
0.62763494
0.066538975
0.051637385
0.04048957
0.033763524
0.03220485
0.038160566
0.0821397
0.884258
0.058392595
0.041794945
0.07122485
0.8412491
0.061539948
0.03757445
0.042710762
0.07652263
0.36180457
0.9228569
0.92891896
0.93263865
0.9077601
0.8778646
0.86208546
0.09903777
0.04491353
0.03624734
0.028960021
0.04345037
0.8876565
0.13890928
0.039048515
0.028396795
0.025759561
0.027596736
0.041048523
0.72319216
0.07655065
0.07677045
0.093010455
0.105198145
0.04756327
0.048038088
0.049955696
0.052480258
0.05214349
0.050241057
0.05013253
0.033842437
0.022224754
0.016816948
0.01719745
0.06987494
0.9520244
0.95994717
0.9413281
0.9182417
0.028027589
0.01532267
0.017454494
0.026870359
0.03925009
0.8432525
0.92265767
0.90561026
0.95317507
0.10533502
0.07086464
0.082679935
0.081959926
0.059513222
0.056003634
0.07945438
0.061523337
0.06234922
0.07814585
0.06668736
0.08679341
0.8505309
0.77149945
0.7982121
0.072564855
0.04352661
0.048573755
0.06054033
0.10444277
0.9360205
0.93710124
0.9159097
0.04545722
0.03016577
0.02530156
0.024347346
0.024785757
0.027683139
0.032316525
0.025122134
0.017988984
0.017162804
0.03437701
0.9080009
0.9205274
0.9427775
0.91277325
0.89870375
0.04640387
0.039497722
0.04401814
0.059581928
0.05353502
0.05282607
0.81499994
0.056078646
0.047413256
0.0643746
0.06242575
0.09222191
0.8527318
0.14253362
0.12911497
0.07476256
0.06703941
0.16946794
0.75008893
0.06807024
0.08218366
0.080043085
0.06508885
0.065685645
0.112320036
0.3371235
0.8727867
0.86174953
0.868934
0.23152697
0.14229944
0.123430796
0.106351145
0.12050314
0.114315465
0.11813944
0.15266854
0.12723126
0.1021891
0.10254388
0.1357042
0.21062697
0.21520841
0.13709673
0.1524865
0.19281672
0.1815999
0.8914861
0.91421914
0.86979795
0.17794701
0.07220635
0.04254085
0.03355787
0.037164457
0.052480813
0.07812348
0.81185734
0.25974864
0.16245912
0.15151493
0.106372476
0.7260214
0.16679631
0.209673
0.93514895
0.95717597
0.95785046
0.91730213
0.07586244
0.057245083
0.07207986
0.8647544
0.05972401
0.04361163
0.039385878
0.05154208
0.11137728
0.90836185
0.8762536
0.9055
0.8394127
0.0487825
0.028194722
0.02287053
0.021880602
0.028377015
0.046742797
0.12172888
0.934197
0.93413883
0.22254792
0.17649797
0.13049039
0.13895401
0.09606523
0.05371022
0.03765172
0.0334636
0.03541274
0.028886251
0.02704562
0.0805737
0.93900985
0.961281
0.9477392
0.88970655
0.051051766
0.03818693
0.06316435
0.88689923
0.076975174
0.044545155
0.045672234
0.060705718
0.06824592
0.07753089
0.08894799
0.11286198
0.21044952
0.85005176
0.11380325
0.079978965
0.124641515
0.10504889
0.7507669
0.13277689
0.051949408
0.037926313
0.0389025
0.08999846
0.932777
0.93319976
0.19292061
0.14728369
0.08656793
0.061147418
0.038788598
0.028702391
0.01968339
0.015083846
0.012272668
0.012512675
0.059942063
0.9707851
0.97616017
0.9782356
0.9749692
0.039003216
0.017072229
0.013756681
0.015921317
0.022100883
0.031498544
0.03207062
0.03696225
0.046875425
0.051137798
0.05631488
0.052324552
0.042129513
0.04853801
0.06759236
0.11063789
0.9181484
0.9076488
0.07964859
0.05671293
0.04483535
0.053811543
0.75152063
0.83228064
0.8545465
0.918688
0.9234763
0.18961921
0.81691957
0.04899229
0.04336667
0.051659573
0.07097905
0.061693184
0.053808346
0.0425383
0.036437094
0.034412354
0.03050359
0.02707529
0.02509382
0.025139563
0.03113422
0.03929582
0.11185382
0.21256305
0.91050506
0.90494156
0.8166766
0.7523419
0.88410264
0.1300999
0.2004823
0.20973338
0.18074715
0.9182125
0.9302356
0.107133
0.027084544
0.021731403
0.03476679
0.9237014
0.92673653
0.93882376
0.9578924
0.9448609
0.9030691
0.03919148
0.028999764
0.039504774
0.12174238
0.92605823
0.05826696
0.037985303
0.03492754
0.059467625
0.9419759
0.9347155
0.9075931
0.123595014
0.048184007
0.03301263
0.029151672
0.0306132
0.035429277
0.045313872
0.066007756
0.08342881
0.10171403
0.1121719
0.115737565
0.1363898
0.138552
0.16221087
0.13209336
0.1440614
0.7588671
0.21730313
0.7625071
0.7035995
0.75060683
0.045279995
0.032031745
0.028264271
0.02401738
0.02027005
0.016417716
0.016653683
0.039443593
0.93787223
0.9420931
0.90281934
0.8748146
0.8892818
0.041750763
0.02829311
0.028807076
0.034256704
0.050948128
0.099127755
0.0866821
0.14361514
0.8584145
0.79767317
0.347956
0.34211144
0.19807817
0.15804654
0.16877653
0.13469754
0.18085793
0.7921498
0.81857014
0.88393056
0.86700636
0.34011006
0.24049683
0.11485977
0.0827914
0.07749463
0.0884109
0.107645266
0.16522692
0.16373473
0.114238426
0.08508208
0.07945115
0.12226048
0.12989472
0.31161126
0.7412913
0.08472372
0.05811243
0.044099614
0.05556762
0.8034815
0.78181636
0.08184318
0.058059998
0.041776236
0.03074246
0.026495282
0.023276769
0.020708414
0.021323334
0.023229742
0.025800781
0.030598901
0.05643063
0.084345736
0.1725169
0.21183571
0.5374434
0.94975954
0.9441678
0.94144815
0.94064665
0.92211884
0.14636207
0.060318843
0.029903626
0.022123154
0.028281538
0.05748522
0.9048779
0.0633482
0.05042932
0.107023515
0.88727677
0.054123476
0.047781553
0.07314165
0.06819361
0.07815735
0.05155244
0.044538766
0.04510114
0.047556452
0.05221725
0.060078684
0.07576236
0.078392334
0.093098335
0.096952416
0.13099027
0.20824511
0.23181757
0.7471108
0.71966463
0.76000553
0.16602412
0.10733993
0.104758926
0.7820698
0.86391985
0.87622505
0.7633443
0.7757607
0.9057846
0.909957
0.15637155
0.0829768
0.068151444
0.0548188
0.045331266
0.041067764
0.036743537
0.038324963
0.032805573
0.08236301
0.9397529
0.93445665
0.93689704
0.92800486
0.04495533
0.027099855
0.026560497
0.02857289
0.03432372
0.045099456
0.05536989
0.07291977
0.084907345
0.1046604
0.20223485
0.115706444
0.057357773
0.05064463
0.043570723
0.03557002
0.031882685
0.036028977
0.07226504
0.92357415
0.8678792
0.06911261
0.0330552
0.026623493
0.035942297
0.8598756
0.05168384
0.040615514
0.025079474
0.024026776
0.09634993
0.9624101
0.96534073
0.9594733
0.9554751
0.03886608
0.020059088
0.014814867
0.015638238
0.018083954
0.02162375
0.027084032
0.04087428
0.15430015
0.89058435
0.89221954
0.08249489
0.0837025
0.059463013
0.067345865
0.092359275
0.063014165
0.05758721
0.06814447
0.09288382
0.85108596
0.8483158
0.78876996
0.8388894
0.82830673
0.7610887
0.80739397
0.87822616
0.8068763
