0.9338903
0.8823694
0.037517823
0.03304649
0.0409394
0.06811773
0.057034492
0.073001966
0.05119301
0.040492944
0.035225604
0.036898922
0.043864567
0.0400771
0.030598015
0.024377448
0.021427305
0.032182068
0.24912904
0.94995993
0.9562543
0.9577074
0.9474921
0.10830115
0.036594745
0.018029334
0.01467309
0.016723754
0.022481585
0.03093623
0.056904577
0.94261426
0.94894606
0.06222523
0.053021144
0.039029732
0.0361296
0.06613564
0.20320852
0.94972634
0.9528231
0.94434214
0.2206174
0.10432967
0.06090332
0.045750003
0.041967075
0.054058794
0.7859674
0.7596465
0.72568524
0.7676603
0.8759708
0.9064004
0.8933962
0.92140615
0.92617214
0.8885912
0.043910604
0.034193784
0.04639605
0.046944838
0.035797726
0.027769182
0.028947175
0.09310482
0.92950356
0.94529146
0.96302885
0.96412647
0.11223087
0.051345322
0.03575969
0.03576573
0.04577391
0.06084384
0.06999858
0.068177186
0.8547614
0.867975
0.8748435
0.8592014
0.83718085
0.8105526
0.79440856
0.802445
0.8272842
0.8546327
0.8491991
0.8424072
0.80442137
0.081534654
0.060439877
0.065791234
0.05892015
0.052190494
0.0496998
0.055039573
0.062361896
0.067223124
0.9102101
0.91925204
0.9193415
0.32011333
0.14493564
0.12984598
0.22201543
0.34643275
0.84982914
0.8509872
0.84861726
0.06214213
0.045011174
0.045194745
0.06602125
0.10949216
0.093136035
0.731167
0.057568155
0.10061244
0.8833461
0.8937801
0.8672082
0.86359894
0.14302717
0.14038898
0.866036
0.19425371
0.09043601
0.056644272
0.03763269
0.040718395
0.06176726
0.87371975
0.88724124
0.13419756
0.090716526
0.07665569
0.09551626
0.14117913
0.9185293
0.9299246
0.9288848
0.94182456
0.9362086
0.8934512
0.1935195
0.17819309
0.16711152
0.14461988
0.15752536
0.18857287
0.24553297
0.35969287
0.79452187
0.8105816
0.8160165
0.8129022
0.80232686
0.7903386
0.7839491
0.1517437
0.065256275
0.054427154
0.05012749
0.05914608
0.14544451
0.78210247
0.82365304
0.85509765
0.86220896
0.817855
0.061841957
0.030578721
0.033105806
0.040876485
0.05744628
0.08116202
0.8964706
0.9097175
0.88581604
0.8281178
0.83481205
0.15653032
0.09834435
0.07194582
0.043626644
0.0400308
0.05715673
0.07706332
0.115835615
0.86012065
0.8364297
0.39609563
0.13105865
0.07016988
0.066279605
0.06555478
0.08951427
0.7256678
0.7110384
0.18525325
0.13866
0.622141
0.15877753
0.15577069
0.59626025
0.1714437
0.21011408
0.2754079
0.38849446
0.8392882
0.3125117
0.32359937
0.27263895
0.32980075
0.32990852
0.33024156
0.42404237
0.83675534
0.3861321
0.22783178
0.17000568
0.123510964
0.122182146
0.2050886
0.21196714
0.7717733
0.31113458
0.13283436
0.114433445
0.7067363
0.110311024
0.0780988
0.081150405
0.115587406
0.2229727
0.3204475
0.79928666
0.16067381
0.08049656
0.06709055
0.06716074
0.073301055
0.0543443
0.04460191
0.043299746
0.056097846
0.09393905
0.14112501
0.7988583
0.7497659
0.08379895
0.086535655
0.7269909
0.7545712
0.10648966
0.060955077
0.05631532
0.116505936
0.7799923
0.7782141
0.7775253
0.22729762
0.05770854
0.045835253
0.058666226
0.76090986
0.1918366
0.11422692
0.20023564
0.84995544
0.062024057
0.033568297
0.023621976
0.021506645
0.034539722
0.9132378
0.9137996
0.9353219
0.08285206
0.038299177
0.03576023
0.04919362
0.06670107
0.8291452
0.12133282
0.09584166
0.23075415
0.82976115
0.81983465
0.096397646
0.06967922
0.08780992
0.17227116
0.86517143
0.8255229
0.81828696
0.81404495
0.85224617
0.17497994
0.100105576
0.09743526
0.08331949
0.8471629
0.064973004
0.05545298
0.051123895
0.042792466
0.034299985
0.032569766
0.042876262
0.81578326
0.092735015
0.08511401
0.14691344
0.8622106
0.042212564
0.028520685
0.030319812
0.036981337
0.040861025
0.03925009
0.04440795
0.07535227
0.091942966
0.8346373
0.76832473
0.0782011
0.0703957
0.096914716
0.8201341
0.1938275
0.10970442
0.096772924
0.10415969
0.16175896
0.22826795
0.22564746
0.7347372
0.7196525
0.36689728
0.29983455
0.4028509
0.47790933
0.8142
0.7963163
0.84421414
0.88375604
0.8766311
0.83111775
0.8152366
0.31562722
0.28627065
0.24732077
0.29451716
0.7166852
0.7282114
0.7466706
0.7768524
0.8787513
0.9120454
0.8597805
0.05224772
0.038449056
0.03260627
0.030746238
0.039122313
0.23603289
0.90635186
0.91654086
0.9165742
0.9201836
0.94469756
0.07468492
0.038791355
0.035723407
0.042224344
0.06438989
0.072146825
0.10617635
0.14134769
0.10651217
0.079516046
0.065536134
0.07274518
0.103985995
0.84792715
0.83375216
0.82041395
0.3306281
0.22625636
0.2142805
0.16176414
0.5592169
0.13725154
0.16038443
0.8002308
0.79446906
0.06709311
0.065719135
0.115631975
0.13925137
0.27779436
0.925591
0.91711855
0.13067122
0.11686951
0.16292965
0.9183364
0.9043505
0.2462808
0.80451214
0.7970944
0.04766124
0.05787912
0.099644035
0.084493116
0.04894135
0.035021313
0.031168606
0.03328874
0.047476564
0.060866747
0.82397157
0.80176526
0.0797684
0.048157386
0.063135855
0.91996986
0.10028936
0.030906787
0.03737485
0.9017405
0.9143139
0.91090184
0.90915376
0.9207598
0.04272868
0.02818325
0.028513525
0.030771405
0.03784058
0.0335483
0.028844988
0.02917773
0.028370716
0.026755119
0.038009185
0.8575667
0.17333896
0.08565191
0.056856938
0.04657728
0.045170885
0.75260997
0.12481169
0.7758582
0.8576663
0.1774133
0.1868751
0.14262903
0.7749068
0.8628215
0.19296257
0.13180795
0.14372253
0.14141609
0.12139521
0.21904276
0.3341762
0.18672268
0.66796386
0.6044518
0.102400705
0.07527057
0.08306398
0.12278785
0.8474985
0.19153304
0.3557439
0.79036003
0.17317204
0.2827535
0.29852375
0.7403173
0.12529276
0.12528698
0.07102078
0.05559002
0.05130532
0.06542764
0.7264405
0.72258145
0.801599
0.89465743
0.90193266
0.40571544
0.33236778
0.91234994
0.9222816
0.9056462
0.16654204
0.099799156
0.104124285
0.074387826
0.09388571
0.79672986
0.799351
0.11212405
0.046191033
0.038377825
0.047730103
0.080374554
0.07054978
0.10110942
0.11216586
0.88308173
0.90424603
0.064739935
0.06726225
0.15878506
0.25061455
0.8284349
0.04298906
0.036374964
0.03984148
0.04703306
0.051874563
0.078304395
0.8669959
0.89972687
0.92082006
0.9113563
0.9042453
0.9057567
0.9028228
0.9169117
0.92224735
0.9258264
0.9149612
0.8640622
0.04398486
0.027259285
0.025171215
0.029569836
0.02789356
0.02777359
0.031452216
0.029428367
0.024903966
0.036841165
0.8919004
0.8841454
0.80933374
0.7835044
0.04196376
0.04463722
0.047714073
0.05608001
0.062983885
0.05151274
0.048268076
0.056027967
0.046569444
0.044631936
0.047758725
0.05298836
0.063600585
0.0577337
0.06456398
0.06895841
0.087572336
0.07586451
0.07735802
0.09287417
0.111995846
0.12639977
0.12729612
0.122360475
0.6322942
0.15960845
0.1334048
0.17322707
0.30530503
0.38387382
0.46648067
0.6737974
0.66717714
0.24617992
0.19508506
0.17773385
0.09447282
0.11386492
0.15199639
0.27100182
0.21559425
0.86426955
0.1600206
0.15454467
0.2856364
0.79844266
0.15219389
0.10997077
0.0995064
0.1356537
0.892585
0.8908549
0.8088453
0.8237776
0.8640873
0.8697873
0.8829257
0.8876526
0.8856788
0.8791374
0.880584
0.88917166
0.89104605
0.8826192
0.85417134
0.8495809
0.79877645
0.82102567
0.31658596
0.78536123
0.21500821
0.17231011
0.29668602
0.71915543
0.22992624
0.17087777
0.22557183
0.69696546
0.34005702
0.35949188
0.36822918
0.25382006
0.22668098
0.19846335
0.1422728
0.13121477
0.13065527
0.27562273
0.8495956
0.90147305
0.90407
0.8763375
0.85029274
0.34506097
0.24332255
0.19001067
0.17296031
0.26661643
0.5695559
0.5352067
0.26109615
0.2282509
0.5243305
0.5400596
0.24286136
0.26451454
0.31078857
0.27422696
0.29925326
0.31551185
0.87663007
0.938356
0.8838355
