0.93297875
0.88220215
0.09561373
0.06621055
0.061995983
0.072352186
0.10281628
0.10024049
0.14061429
0.8799359
0.8720324
0.7736863
0.059948776
0.05329518
0.07275088
0.8194014
0.87807906
0.84483516
0.8463623
0.8833796
0.08928521
0.05502807
0.053965036
0.062122405
0.0799922
0.09476724
0.10390813
0.14419255
0.12104605
0.13272077
0.099466786
0.18975052
0.17309429
0.17373821
0.16594356
0.15340547
0.14316261
0.1729977
0.6642842
0.62751794
0.17533912
0.18071684
0.21734221
0.15073337
0.10883765
0.1080488
0.6542394
0.64002943
0.6257634
0.6683073
0.16126992
0.13901435
0.24483076
0.102526516
0.1168061
0.13109705
0.14137281
0.15640464
0.1678672
0.13770065
0.108173534
0.09153794
0.12617801
0.8401369
0.84317416
0.7596637
0.770967
0.8050616
0.8486905
0.8890087
0.8616016
0.7266218
0.7151539
0.075108364
0.05977617
0.10222565
0.8927984
0.8897774
0.9330783
0.9347026
0.11815325
0.09017781
0.07370808
0.072833136
0.093633965
0.079305016
0.085704945
0.19779363
0.44589135
0.35127035
0.71130514
0.63690907
0.55682695
0.12399666
0.094213486
0.10830586
0.6686112
0.27639392
0.13945869
0.109330215
0.0946759
0.09988603
0.17595185
0.85219675
0.14130186
0.09411672
0.08664293
0.114992544
0.7712576
0.8202088
0.722754
0.117645964
0.08810176
0.19116287
0.84761393
0.815344
0.8085311
0.8175915
0.82447714
0.74031144
0.124696635
0.09614451
0.14207654
0.8567568
0.3857229
0.12872046
0.09647995
0.13800852
0.7822792
0.8308818
0.09341637
0.08158554
0.69943815
0.16482255
0.18750244
0.8696826
0.86476463
0.19590464
0.25509414
0.7951668
0.8102654
0.84156483
0.81134903
0.7795065
0.7252651
0.13902834
0.14045238
0.8187914
0.7912196
0.20319983
0.32222033
0.78373843
0.7616282
0.09822142
0.11667407
0.8141377
0.91792727
0.22788194
0.05573239
0.038740873
0.035130017
0.035718348
0.037039388
0.039754525
0.046568815
0.82337654
0.0893525
0.05111319
0.044227816
0.04338991
0.046727113
0.07632317
0.7452958
0.078187004
0.058694594
0.0637534
0.090853296
0.13753915
0.1320907
0.7220587
0.6891204
0.14391312
0.1114163
0.11475087
0.72265345
0.8422947
0.18026328
0.084641926
0.06524164
0.07014634
0.050539237
0.04705128
0.058574896
0.09510883
0.834061
0.8587547
0.8421197
0.84633726
0.8609113
0.8896506
0.8420598
0.83172685
0.81306446
0.047709737
0.04426647
0.046909478
0.05645365
0.08230183
0.8920016
0.8261308
0.08041097
0.05242383
0.04694628
0.060475018
0.08834895
0.11955925
0.23132938
0.74028736
0.69486445
0.6882658
0.15170485
0.18464828
0.34058642
0.78746545
0.7066459
0.7022949
0.69265115
0.6880498
0.7136737
0.21004795
0.1270453
0.15976454
0.87986773
0.87962586
0.9095318
0.15584548
0.08559657
0.10016295
0.10079351
0.07265604
0.07005427
0.09266188
0.074667305
0.07921222
0.10511931
0.08172928
0.11025719
0.46232438
0.33532488
0.33795354
0.36111727
0.71206737
0.73937535
0.77302057
0.7939204
0.8719661
0.58570415
0.383235
0.8869607
0.791595
0.09419391
0.08076753
0.08779186
0.11770137
0.17194842
0.15333869
0.13272744
0.11512449
0.118103534
0.18793364
0.6816061
0.27850312
0.1860121
0.17095861
0.19636634
0.5786531
0.6053391
0.65227777
0.5443736
0.22436123
0.24452889
0.61595476
0.26713786
0.3183581
0.2586225
0.25209183
0.27072495
0.2198511
0.5458381
0.5402389
0.32380173
0.70641375
0.2120889
0.23626181
0.77603084
0.30190364
0.19730766
0.20070626
0.19723517
0.17042375
0.1915773
0.24871133
0.7662388
0.8415129
0.34894353
0.19935958
0.2046379
0.8049282
0.16336772
0.15183948
0.25935003
0.64887804
0.19534364
0.61844367
0.27508032
0.8400122
0.847276
0.7590752
0.77781993
0.84902513
0.82989216
0.89338243
0.90892285
0.25596437
0.369269
0.7238214
0.06802777
0.0445735
0.031771827
0.026008958
0.023828302
0.025913153
0.033587363
0.08393035
0.88328034
0.047296073
0.03184593
0.045747664
0.13101742
0.93906665
0.92985004
0.16013107
0.11963905
0.16675536
0.8157019
0.85498303
0.87423277
0.7916365
0.07838643
0.052177537
0.066680856
0.7799843
0.8760489
0.15906435
0.097903736
0.05554608
0.052142672
0.78964305
0.08737396
0.045484737
0.043265466
0.06703031
0.8502448
0.9180061
0.9177077
0.07659189
0.04297223
0.043771148
0.07475383
0.8745042
0.2030329
0.1314209
0.7703441
0.793016
0.7201037
0.7146541
0.7397879
0.79072106
0.866458
0.8353666
0.70879793
0.19188982
0.64196604
0.24399875
0.83416694
0.22422263
0.124137565
0.14569613
0.8439038
0.13743936
0.12062887
0.15246457
0.84373397
0.90014106
0.20482957
0.07162938
0.061271567
0.07959338
0.07196815
0.0907369
0.18477197
0.7659203
0.08799756
0.09164974
0.17188755
0.90161717
0.9208347
0.33521375
0.8815687
0.20724285
0.08194853
0.06261443
0.07628164
0.09285422
0.61580783
0.11521515
0.14205919
0.7226319
0.8273113
0.8260676
0.9200304
0.91244197
0.081281096
0.071860425
0.07417054
0.09992661
0.77673453
0.82355416
0.20906663
0.29976618
0.45625356
0.8129913
0.86178255
0.8694251
0.8360227
0.3716373
0.38212255
0.30586678
0.878255
0.89092946
0.19194342
0.15233082
0.09613449
0.07301589
0.81636876
0.8705905
0.88395244
0.93805873
0.93358535
0.067072414
0.052408498
0.060319416
0.08391942
0.817984
0.85289866
0.8425879
0.8806501
0.84737396
0.14707492
0.14548117
0.10773239
0.0869589
0.05157827
0.07283717
0.09121824
0.17346041
0.8672494
0.8548719
0.9034489
0.8875005
0.75620145
0.7373946
0.84799755
0.8349234
0.87377053
0.8730678
0.86151797
0.87754345
0.86511266
0.10159418
0.05989518
0.062150896
0.08076662
0.91433084
0.88896215
0.8601085
0.45396155
0.36425996
0.22486754
0.69882417
0.713062
0.7706111
0.8685415
0.8672087
0.23119454
0.24224265
0.28319815
0.85577905
0.91739756
0.9351008
0.12390321
0.11646079
0.087209836
0.06771612
0.058825642
0.051112026
0.055364445
0.093377486
0.86250675
0.8273218
0.8927618
0.89118993
0.8215031
0.8567558
0.18464774
0.11489231
0.12215186
0.81387365
0.12976073
0.14194971
0.83500594
0.10451552
0.07767276
0.07189564
0.08079431
0.10189447
0.08660675
0.092177175
0.7181297
0.14351085
0.16637915
0.7715083
0.8558448
0.12456926
0.08418001
0.08072621
0.084094964
0.089074165
0.101198554
0.1192142
0.1739239
0.43563348
0.83634156
0.8570039
0.8752875
0.8543192
0.85417235
0.86011696
0.82515156
0.8233743
0.8515417
0.8126632
0.82609224
0.87683135
0.87995136
0.90702266
0.90601027
0.88839483
0.8882004
0.8729711
0.8673469
0.85544133
0.83266497
0.8045919
0.8303047
0.13513736
0.056478854
0.038623616
0.03952726
0.053141125
0.8096656
0.8648959
0.0927155
0.05998865
0.05469049
0.06596365
0.74677247
0.70587647
0.11232595
0.111566626
0.6724791
0.07471025
0.0538905
0.05667985
0.058652956
0.059650045
0.063909315
0.060427107
0.054912277
0.055779777
0.07047111
0.10631061
0.19859195
0.8734338
0.9024886
0.8900221
0.81768
0.27698272
0.31909415
0.3416545
0.7997207
0.8150223
0.7517512
0.7564628
0.78338325
0.119412474
0.132189
0.08840957
0.113601774
0.90136266
0.84717894
0.08032889
0.0650774
0.0667414
0.06068786
0.06338774
0.05244271
0.043846738
0.038092133
0.038798824
0.052364632
0.7833264
0.13252047
0.1410711
0.8548689
0.7629255
0.8147656
0.92237544
0.92771643
0.15196522
0.102997065
0.8842932
0.036193296
0.028581336
0.034773186
0.104129516
0.9314526
0.9345141
0.8835674
0.87967926
0.9114439
0.88760024
0.88566774
0.82919914
0.14757168
0.632235
0.06748188
0.05872034
0.09021986
0.83859706
0.12345881
0.1310838
0.87934
0.1793324
0.2507101
0.8350037
0.07047749
0.043759856
0.042549625
0.044376694
0.050648347
0.08017892
0.7552478
0.08385499
0.082674555
0.09460843
0.15808909
0.78945035
0.17399177
0.14761984
0.15296423
0.14582601
0.1714722
0.2548996
0.3413776
0.6136085
0.5355595
0.42274722
0.38325322
0.37612808
0.33726996
0.28012496
0.21273385
0.19245516
0.23718771
0.33348584
0.56403977
0.6842393
0.49489528
0.48283347
0.7154287
0.33612597
0.23514244
0.21773328
0.23462947
0.23772284
0.25502247
0.29463083
0.35738584
0.48591682
0.43042344
0.3594842
0.3850392
0.6520805
0.36747557
0.3244715
0.603093
0.4899267
0.24702595
0.2839708
0.4796625
0.58597565
0.7570704
0.734912
0.50945497
0.49592543
0.37828642
0.41128317
0.834917
0.8609312
