0.8859198
0.8119701
0.71561193
0.6714557
0.72923046
0.83028996
0.83630145
0.776918
0.81994057
0.89181066
0.88262415
0.415005
0.21361445
0.15471175
0.17662722
0.6435655
0.3137655
0.22289674
0.24356459
0.699771
0.26218328
0.5226654
0.24031341
0.2153876
0.5991921
0.28606465
0.23556516
0.23648736
0.17710198
0.13524202
0.121675506
0.14230894
0.6323975
0.6283725
0.63497794
0.18237892
0.11415424
0.10031483
0.08901741
0.084620945
0.085878514
0.10626827
0.18906704
0.26291338
0.8283413
0.8039959
0.77906376
0.75248057
0.11014706
0.077882364
0.094010346
0.16624266
0.7957616
0.17441213
0.17898811
0.57856315
0.112445004
0.117648885
0.1634692
0.1107147
0.6825234
0.08204224
0.06674122
0.09739299
0.85024136
0.13217382
0.78617495
0.10536247
0.09535178
0.17111827
0.169124
0.10162054
0.80818105
0.80573624
0.80695945
0.85498077
0.9031099
0.9049973
0.93889266
0.9466729
0.076466784
0.036510378
0.031124363
0.031820294
0.040051673
0.038063586
0.036034163
0.03967633
0.045867182
0.048608564
0.052378364
0.052888125
0.07699387
0.07178194
0.17283158
0.2020251
0.6375413
0.3524275
0.14550263
0.10746377
0.09622431
0.10339874
0.17602095
0.8717848
0.13752812
0.095529914
0.08521759
0.11102094
0.7871851
0.82784796
0.7297789
0.11203173
0.08272661
0.1835461
0.851299
0.8191672
0.8128902
0.82263225
0.82847625
0.74631333
0.12113126
0.0914182
0.13415729
0.86082995
0.38361967
0.12306182
0.0936908
0.13578638
0.7868651
0.83505297
0.090426974
0.07981419
0.7027861
0.16314971
0.1853279
0.8727459
0.86746585
0.19504754
0.2539973
0.798424
0.8126318
0.8429486
0.8124561
0.78089744
0.72799283
0.13745551
0.1389547
0.8200984
0.79322493
0.20356555
0.32379222
0.7849704
0.7638043
0.09998098
0.118612625
0.81091285
0.91701275
0.23275772
0.05846686
0.03946526
0.03672807
0.037542596
0.03912137
0.04294827
0.056676064
0.8088318
0.09882159
0.058374926
0.05347115
0.05280324
0.059823107
0.100993395
0.6532889
0.114590146
0.11574578
0.20951746
0.83236855
0.44657877
0.17687221
0.11591482
0.091332495
0.08891931
0.08022588
0.08408408
0.09752699
0.12225636
0.22729534
0.81969374
0.15790117
0.11793473
0.055903338
0.04098168
0.04432469
0.07613142
0.82307494
0.20315076
0.123596735
0.112154506
0.20068872
0.8548162
0.813468
0.06700855
0.04791236
0.046619777
0.053028516
0.057899125
0.06379331
0.092339694
0.88802236
0.8087149
0.07675731
0.05341588
0.04869331
0.06405157
0.10009093
0.136963
0.24788292
0.7309785
0.6875792
0.6778381
0.16174231
0.19877145
0.35254186
0.78180027
0.6999053
0.69183636
0.68418473
0.6774958
0.7088979
0.21389778
0.1253499
0.16112472
0.88047886
0.8836287
0.90937245
0.1393035
0.07187589
0.07202365
0.06633237
0.043536685
0.038219135
0.052780706
0.04020079
0.03852713
0.05151442
0.043582857
0.06634013
0.8984794
0.14190388
0.15509388
0.8871738
0.8936584
0.89779246
0.88588727
0.8830314
0.9207964
0.5983521
0.34731326
0.91928995
0.8313672
0.06396993
0.05377263
0.058412272
0.075884655
0.10130292
0.09302018
0.08169127
0.074461095
0.07854997
0.11930516
0.7190153
0.20565127
0.13370721
0.12438835
0.14848147
0.5949744
0.6332443
0.70796585
0.16899087
0.13431127
0.15732722
0.6068689
0.2113254
0.7696406
0.18644315
0.15322734
0.19854993
0.17931943
0.19195926
0.13014314
0.12338235
0.23939204
0.8478394
0.8313174
0.86338514
0.19312963
0.063896224
0.04644807
0.038290396
0.035568852
0.040977355
0.052039858
0.10768854
0.875237
0.8396327
0.31072828
0.7365878
0.26356423
0.18599853
0.19654015
0.74887073
0.18050234
0.16061726
0.21483153
0.66807944
0.8086846
0.8151572
0.7256287
0.73704314
0.788038
0.762768
0.7968006
0.7754766
0.7044122
0.69459856
0.6284303
0.21297303
0.17578675
0.26365656
0.5377879
0.21591309
0.19116256
0.20216122
0.25399685
0.66509986
0.20789853
0.17413245
0.18646567
0.26869994
0.8478672
0.84039295
0.20597504
0.18494566
0.17361921
0.17883882
0.67785776
0.3315083
0.19828111
0.16591452
0.15374105
0.18536365
0.25892097
0.7617107
0.37614548
0.7741234
0.7143739
0.70856625
0.15416408
0.105508395
0.089374304
0.09194775
0.13073559
0.23719467
0.8483419
0.40189683
0.18521814
0.15698016
0.09824027
0.13158171
0.90347964
0.10735863
0.050325096
0.045873627
0.049443
0.042964224
0.04053472
0.10471258
0.9312036
0.9544554
0.9361267
0.8560657
0.0768763
0.04880301
0.07824153
0.8648992
0.11843186
0.074886896
0.081110075
0.16083173
0.7720413
0.7402381
0.74319726
0.78508455
0.8852193
0.885796
0.8171286
0.8372767
0.08996664
0.044102076
0.041317172
0.04770114
0.04533873
0.051599286
0.8779656
0.9109232
0.9513845
0.95308185
0.10913759
0.08088419
0.07331218
0.058667503
0.057975795
0.07862125
0.11221984
0.12659033
0.12058521
0.15428409
0.70575845
0.83307964
0.82519394
0.90965194
0.91101736
0.11134728
0.07137349
0.0680171
0.08827386
0.78423375
0.839059
0.20250075
0.244342
0.4319656
0.87499195
0.9036636
0.8905666
0.83176494
0.30993396
0.30143604
0.2595364
0.8906323
0.89802897
0.12691869
0.10311214
0.06287221
0.061593752
0.76536834
0.7921685
0.8049262
0.9095223
0.9221148
0.07776595
0.056137208
0.06045828
0.08305728
0.8393561
0.88634366
0.870526
0.8907121
0.84739083
0.12023629
0.117806315
0.09553974
0.10611656
0.086827524
0.1199176
0.18781841
0.29166165
0.8614262
0.82790637
0.8894871
0.8700991
0.71296424
0.6953718
0.8333527
0.22500442
0.3168816
0.3247483
0.26440734
0.8701401
0.8621827
0.11188509
0.07526281
0.6424253
0.17125106
0.845605
0.8283934
0.83818525
0.8886578
0.8625641
0.21954161
0.6820204
0.17049289
0.22836033
0.8858083
0.8965552
0.13438766
0.09866786
0.096160635
0.1197632
0.9164427
0.9074266
0.85324967
0.8195733
0.70503664
0.63588506
0.07081894
0.061160825
0.07671451
0.124582805
0.8587297
0.83410424
0.8962366
0.9006695
0.85145503
0.86431354
0.7244709
0.6333023
0.70731455
0.85606664
0.20870893
0.15053448
0.90858805
0.06174456
0.041672807
0.033564758
0.031579845
0.035667736
0.033355232
0.050904248
0.8751043
0.85709393
0.84732157
0.8635296
0.91088325
0.096867196
0.04421814
0.03922079
0.05290074
0.7405756
0.06476465
0.054961905
0.086425334
0.8626666
0.12764853
0.12902603
0.8357743
0.80677867
0.81893736
0.8577582
0.81595665
0.8181552
0.11098568
0.06100377
0.0683119
0.11987636
0.17671715
0.88799196
0.874491
0.20354542
0.2233264
0.16847357
0.71023875
0.7439537
0.7634592
0.78376096
0.82477593
0.8115691
0.7768753
0.04558477
0.036302432
0.06461512
0.86635476
0.8948463
0.81817394
0.7987853
0.08217865
0.06526456
0.085666314
0.75096214
0.7839857
0.08618311
0.06992432
0.061904334
0.06395938
0.074605145
0.0836386
0.09246514
0.10985686
0.10042467
0.08100255
0.07913759
0.111114316
0.6452343
0.76853156
0.774957
0.82657176
0.8167627
0.74167
0.7130716
0.7569539
0.7154679
0.6877009
0.6856947
0.37886947
0.25935566
0.23843035
0.24064802
0.31066892
0.54560536
0.3851619
0.409325
0.29929245
0.3063485
0.56943774
0.65894616
0.54327285
0.70646304
0.3382793
0.1868141
0.14193965
0.12835638
0.14120574
0.18696678
0.28576598
0.3223313
0.34797105
0.25838545
0.29797515
0.8340208
0.8034879
0.17321678
0.17621312
0.20685619
0.19392599
0.6801493
0.15427893
0.21387798
0.8547996
0.8201806
0.62278414
0.5884491
0.76976246
0.7674437
0.86425203
0.19682214
0.07237284
0.05535863
0.05297065
0.07407286
0.83768225
0.2243831
0.06400887
0.10586888
0.89236283
0.8845986
0.8652523
0.7746564
0.13773762
0.12257638
0.14395535
0.6072409
0.15933956
0.14354944
0.13447724
0.14490746
0.19658886
0.2390098
0.34627753
0.71988297
0.365917
0.33410877
0.2963915
0.25952083
0.4263417
0.45958957
0.49520907
0.56085587
0.44055688
0.30776298
0.2652369
0.24982403
0.26409063
0.41352424
0.38564768
0.27075064
0.2316135
0.25537175
0.36446816
0.6421135
0.60563135
0.6220283
0.64044803
0.35144207
0.261767
0.20540011
0.19951415
0.20314062
0.22047059
0.2552493
0.30379778
0.40595046
0.3281307
0.25899145
0.2794282
0.73681676
0.3795275
0.31447202
0.7035815
0.62960434
0.20665863
0.24624912
0.648307
0.71172327
0.8074463
0.8184759
0.8798458
0.8929174
0.89986247
0.8770911
0.8739985
0.8713902
