0.90850145
0.7680304
0.16358718
0.17678843
0.25125343
0.6491272
0.7519698
0.27201286
0.33002582
0.8243186
0.40904307
0.20874916
0.1662752
0.14768338
0.16116147
0.25545263
0.71917045
0.24803913
0.26837835
0.75030446
0.19361274
0.15787861
0.15892422
0.16338743
0.1877589
0.21904671
0.25363868
0.76895285
0.6607111
0.1835857
0.15399918
0.15045953
0.14140818
0.12108009
0.10570265
0.09082541
0.077798
0.067195386
0.058868848
0.059407275
0.0871077
0.17480952
0.8479764
0.16121107
0.07603691
0.061065257
0.056035332
0.048654485
0.062392645
0.6609631
0.09470335
0.13029377
0.8770693
0.06366987
0.03453598
0.0304898
0.03080839
0.033973
0.040416613
0.035109915
0.030158943
0.03101772
0.05933883
0.893589
0.9160195
0.8755795
0.8939324
0.9325185
0.9537124
0.9515415
0.9256205
0.8151293
0.7719503
0.03789266
0.026285267
0.047230817
0.91753
0.91459715
0.9411803
0.94355345
0.089617014
0.04719242
0.038737677
0.03610608
0.04536552
0.038649153
0.039606113
0.83802295
0.13016953
0.10966983
0.7879969
0.059863947
0.042587887
0.044136934
0.06385629
0.7173399
0.1585258
0.14062007
0.087707154
0.072557375
0.06833015
0.099511616
0.09627093
0.28168365
0.19440913
0.17291877
0.16793011
0.55747914
0.37204027
0.76430726
0.68427485
0.12885223
0.087648414
0.09951105
0.2711216
0.795836
0.7920556
0.16234447
0.11037481
0.0697379
0.06036173
0.081043676
0.8199329
0.89384943
0.2516707
0.08353489
0.0752328
0.10195137
0.79101545
0.83869994
0.09307489
0.0776596
0.692726
0.16634738
0.19400653
0.8729039
0.86650974
0.18402967
0.2592479
0.8082761
0.8230212
0.8528964
0.82054883
0.7856285
0.73040813
0.13103329
0.13172446
0.8187461
0.78943396
0.19808927
0.31348863
0.7681093
0.73279244
0.10772465
0.1225087
0.7696288
0.8747477
0.3207593
0.11310972
0.07649016
0.090767734
0.7708704
0.75288236
0.076191455
0.05560386
0.05940509
0.06750324
0.07560966
0.74487287
0.75943005
0.74114126
0.12917317
0.08615972
0.07891693
0.086192206
0.7305096
0.27640682
0.85417706
0.09808434
0.055319894
0.050168727
0.055931676
0.053328656
0.7673047
0.8025208
0.83760977
0.16648726
0.0783532
0.060146622
0.057767987
0.04054713
0.036940023
0.04514817
0.06774289
0.08671211
0.8669386
0.83523273
0.8347892
0.8522341
0.8782113
0.81789905
0.8076801
0.7880934
0.049152713
0.049008746
0.051179968
0.060444627
0.09658062
0.87698317
0.79251033
0.102233104
0.07118778
0.07529522
0.099090494
0.15362294
0.2197364
0.33406213
0.71642655
0.7224313
0.73652935
0.75798494
0.7977822
0.83499736
0.8545597
0.844886
0.83793306
0.832231
0.828435
0.8294565
0.84713024
0.8380253
0.8393618
0.8690052
0.8614353
0.8799241
0.13525188
0.07198002
0.073060706
0.06958134
0.052154668
0.049181532
0.06720612
0.05762746
0.067458555
0.101629056
0.09278097
0.13967076
0.8702671
0.1090176
0.09524566
0.099494696
0.09742571
0.110873215
0.15140113
0.7971769
0.20777036
0.16112603
0.111385524
0.08995541
0.09155205
0.7011437
0.72190434
0.73502755
0.7576059
0.27495277
0.13806038
0.06506188
0.04208057
0.039134327
0.06541613
0.7699577
0.8949775
0.90920734
0.08261693
0.03936712
0.03918986
0.088115424
0.93331116
0.058062144
0.036091395
0.031067753
0.030923814
0.035897397
0.046279784
0.049048454
0.049597897
0.0618676
0.07668468
0.84082717
0.85780394
0.8802443
0.9148355
0.9017477
0.88479453
0.89773816
0.8683532
0.09075004
0.061196662
0.048983183
0.049262594
0.10908919
0.843536
0.8589441
0.91593057
0.93037325
0.1045637
0.076527156
0.078438446
0.064869516
0.10657467
0.8780549
0.12460128
0.111429155
0.15230292
0.24968563
0.9029282
0.89954376
0.83759737
0.8381555
0.87083745
0.85826755
0.88615817
0.8807886
0.8390191
0.8356428
0.7620662
0.71151775
0.6635048
0.66587675
0.62101156
0.13140948
0.08589457
0.093803726
0.16326393
0.83650404
0.048210584
0.045257173
0.070795685
0.15048105
0.9449882
0.9516092
0.06010234
0.026339874
0.01909014
0.016893392
0.017123846
0.0194172
0.016721232
0.015143283
0.023239741
0.93848366
0.9502772
0.9662714
0.95467454
0.94960874
0.032761842
0.013854896
0.013967928
0.030482495
0.83733207
0.841891
0.078939274
0.08309281
0.1294593
0.14281656
0.103167936
0.8057597
0.7873675
0.09958249
0.12875696
0.11200291
0.11245186
0.78450215
0.1860806
0.08941611
0.087811105
0.13922
0.7797291
0.86635625
0.8268591
0.19220582
0.1521211
0.13902289
0.17837287
0.34934542
0.38693404
0.63193345
0.33385327
0.3479059
0.26523042
0.32582378
0.41450334
0.68679494
0.58780134
0.47566444
0.3104748
0.27838102
0.3061546
0.24098532
0.72371024
0.7716103
0.12796365
0.11028915
0.12821211
0.20730127
0.8772159
0.87796605
0.7875786
0.79585546
0.6380496
0.563404
0.56058663
0.6274484
0.63550013
0.0873313
0.06941547
0.073770925
0.11351066
0.859598
0.8262492
0.89363986
0.89180255
0.106253505
0.068215854
0.06367129
0.08698668
0.7951694
0.84063303
0.1940794
0.23892608
0.40074363
0.8623096
0.8986856
0.88112736
0.79687905
0.4559362
0.46249327
0.38079914
0.8600618
0.8634633
0.2642943
0.21761896
0.13022235
0.11686712
0.6029059
0.75662094
0.7684726
0.8142049
0.7585494
0.610772
0.26233435
0.25849622
0.28882232
0.3992134
0.7170476
0.7594263
0.7618201
0.69580084
0.65556854
0.64069176
0.5376243
0.4501474
0.17098989
0.11870592
0.16257177
0.28272143
0.7568073
0.7504153
0.81210387
0.77836055
0.60222375
0.58453286
0.72857046
0.70839125
0.7974603
0.8103123
0.37923324
0.36653095
0.29809096
0.14141567
0.09453599
0.103209645
0.18161885
0.82455486
0.44038913
0.48537716
0.89969176
0.8970148
0.10270693
0.10226535
0.12457246
0.22014646
0.8633565
0.86353886
0.7699048
0.7710563
0.7929685
0.8210725
0.873453
0.88382095
0.86031055
0.85193807
0.7853575
0.71687406
0.08103549
0.059444234
0.06562588
0.09960452
0.89583176
0.8953708
0.93596095
0.94483745
0.92287946
0.92976916
0.13633427
0.061137464
0.07343091
0.8938846
0.06716881
0.089534804
0.89925957
0.061571028
0.053192228
0.05349925
0.06182773
0.07749887
0.067806065
0.052881043
0.043127112
0.0468837
0.07740289
0.83786744
0.889647
0.110273525
0.083501145
0.08261072
0.08238658
0.084632315
0.09272343
0.10452511
0.15322854
0.41337943
0.8398323
0.8565555
0.8743258
0.85328656
0.8540013
0.8599809
0.82511884
0.8228753
0.8504512
0.81197715
0.8260192
0.8775035
0.88093007
0.90802234
0.9073527
0.88990456
0.8896768
0.87570184
0.87028337
0.8618157
0.8443223
0.83445686
0.862512
0.1319205
0.061187066
0.04264976
0.04188497
0.05677398
0.09989859
0.2412134
0.73552364
0.6855387
0.15687083
0.15094826
0.5886374
0.55569285
0.14446704
0.12322137
0.11977489
0.11982412
0.13036005
0.16061158
0.1708398
0.1799195
0.20270874
0.17872635
0.15601397
0.15677059
0.16781035
0.2246372
0.3564656
0.7859465
0.8421296
0.8023984
0.74120957
0.7269194
0.75810415
0.7187592
0.7255646
0.75306445
0.6480069
0.17467722
0.17319104
0.24179955
0.7943969
0.71114224
0.71611655
0.7583531
0.69449973
0.6523785
0.2921948
0.38202426
0.33924064
0.5368343
0.5575756
0.167448
0.12665506
0.12191752
0.12759833
0.1479054
0.20739494
0.764129
0.7858286
0.28694606
0.3297254
0.893423
0.9161852
0.90057176
0.82547444
0.38374698
0.21988977
0.17801182
0.72372615
0.741714
0.8511779
0.8658109
0.77050966
0.7484954
0.85779244
0.8628925
0.9187183
0.23818994
0.07983373
0.059005488
0.06679189
0.75833696
0.12617442
0.17231292
0.13076256
0.13758713
0.8616303
0.8408113
0.8497017
0.79759943
0.09493549
0.062326133
0.059883032
0.07497757
0.644694
0.12786634
0.08495774
0.07380906
0.10373364
0.43329412
0.7517495
0.0930885
0.04575123
0.043018848
0.04044771
0.03706603
0.04021682
0.06440548
0.8802265
0.8984667
0.060988482
0.039198462
0.05111647
0.81918097
0.8177518
0.053755097
0.037426796
0.030810535
0.02608979
0.026379135
0.03647446
0.2654234
0.9547474
0.9622625
0.9623426
0.9419676
0.07176285
0.027308803
0.019195748
0.018315647
0.02054498
0.028778793
0.0666336
0.8903727
0.13969396
0.09855484
0.10830091
0.15360409
0.12946494
0.15037127
0.18993577
0.11643577
0.09885218
0.11530569
0.7970053
0.3436358
0.8197161
0.78888553
0.8579417
0.854287
0.80844545
0.8702032
0.91902345
0.9034833
