0.9038864
0.7897097
0.6633337
0.2537587
0.36591297
0.4746525
0.43159306
0.6753774
0.7292625
0.81464976
0.3704221
0.16262871
0.12307334
0.13114461
0.17512146
0.6797189
0.8268789
0.8395809
0.41282114
0.82616705
0.36471996
0.21850248
0.2191893
0.2516259
0.23483565
0.24111953
0.3002949
0.83451796
0.8042724
0.83526856
0.78997666
0.12941761
0.078742504
0.07241766
0.07921283
0.096964516
0.079668485
0.07928882
0.09946325
0.7788662
0.7545374
0.765622
0.23849572
0.15735263
0.13213454
0.11859954
0.16512573
0.1679529
0.1972071
0.26788715
0.37236306
0.36032197
0.82586765
0.46382856
0.32433638
0.23928325
0.17732237
0.7280054
0.787967
0.21260378
0.16853148
0.15364502
0.16269526
0.17533438
0.19579308
0.16840799
0.18886805
0.6119266
0.6469089
0.8165765
0.81350946
0.21580477
0.15163092
0.14251012
0.16841482
0.25740337
0.7539322
0.7778397
0.8243046
0.77098453
0.40845174
0.4347075
0.4356529
0.6057499
0.58040816
0.5847021
0.67224246
0.4509603
0.48338702
0.80928314
0.80072486
0.68277204
0.19600841
0.13382098
0.1482795
0.26141015
0.33625653
0.83923924
0.81431955
0.19144565
0.15401407
0.17773734
0.66806877
0.31377357
0.21003786
0.16974203
0.14879791
0.14354052
0.13863921
0.13673107
0.10494576
0.08850943
0.09621406
0.13510352
0.1748455
0.14302056
0.16440102
0.12957111
0.17291898
0.81747746
0.048101563
0.04173392
0.047998797
0.089938365
0.09879247
0.116318665
0.855941
0.85866284
0.8603274
0.8807051
0.821712
0.7636344
0.122600555
0.15471497
0.2730232
0.87744606
0.88613296
0.18358615
0.14936155
0.17890298
0.85198617
0.89487046
0.19222559
0.13550416
0.08239844
0.06946033
0.09678659
0.1743923
0.84146714
0.8972529
0.27134395
0.0876858
0.07618088
0.0677909
0.06954741
0.10461695
0.36399508
0.9280908
0.8718601
0.8189621
0.08923904
0.04184418
0.033011824
0.034669686
0.0365562
0.046373658
0.15018211
0.80645186
0.7595982
0.1527858
0.21729003
0.16455309
0.6992389
0.06886647
0.071330175
0.6894673
0.096313596
0.118340716
0.08616216
0.14638819
0.8248691
0.8201037
0.06678832
0.03481491
0.033242922
0.048593216
0.1625036
0.87035006
0.88369924
0.9062017
0.8680307
0.82813984
0.81682724
0.11521406
0.061463494
0.04886429
0.04175431
0.055921085
0.84692967
0.8634232
0.8095942
0.06851801
0.053963456
0.05794895
0.072079696
0.7384295
0.11595339
0.13655852
0.8682891
0.3369677
0.21639286
0.17185476
0.8124413
0.7908874
0.75747085
0.7342021
0.7257878
0.7432662
0.05803525
0.05049137
0.053134695
0.07128356
0.094615564
0.10019006
0.06688383
0.050518844
0.05289855
0.08135432
0.8227827
0.15994415
0.12470784
0.17240186
0.7909255
0.2478145
0.35331592
0.322629
0.3021861
0.8212936
0.80215216
0.6934216
0.6987942
0.8374665
0.8578584
0.23133092
0.20828915
0.19718836
0.18878607
0.85651684
0.82320523
0.808017
0.82509524
0.31821868
0.20084518
0.19030423
0.18420313
0.18036418
0.17891288
0.18840916
0.1896249
0.17428297
0.16108936
0.14934729
0.14383288
0.153056
0.16771898
0.13801962
0.10680231
0.09554576
0.124703154
0.6197027
0.64028585
0.7974734
0.8252855
0.7374127
0.26923335
0.3503871
0.32468674
0.31919682
0.27096775
0.24276198
0.27280003
0.32158813
0.25870335
0.82978797
0.85359055
0.818198
0.8469458
0.8151079
0.6561587
0.11809749
0.12924719
0.82817715
0.20209704
0.2626842
0.21243523
0.15067892
0.12538446
0.10159796
0.09298316
0.094713114
0.100794405
0.1053874
0.11135973
0.17510018
0.27213266
0.8645095
0.8607804
0.8776505
0.0791857
0.078312
0.08836809
0.08199392
0.084657885
0.13849844
0.81960994
0.89090526
0.8832461
0.80022216
0.81320363
0.8679647
0.8641648
0.9085841
0.91964316
0.91676694
0.8968798
0.8069056
0.112449095
0.06352913
0.054142144
0.07330982
0.73639923
0.764156
0.8367739
0.35853404
0.44945005
0.43248966
0.7993329
0.8046639
0.8184563
0.87940764
0.8627943
0.7935094
0.1536681
0.12660077
0.10558889
0.82006097
0.86998606
0.8366656
0.7686228
0.069147035
0.051361408
0.067231216
0.1809993
0.8123441
0.8219526
0.77771926
0.78281677
0.7997818
0.8083973
0.80569166
0.7991307
0.8161411
0.82571566
0.87605786
0.8717704
0.11116
0.07008442
0.07417169
0.7806594
0.8694438
0.1376149
0.07792462
0.09630867
0.88370216
0.85175294
0.072655216
0.06264787
0.07203394
0.09520569
0.111373365
0.094766304
0.06104008
0.05575067
0.06624842
0.09968552
0.09145078
0.0888282
0.10972356
0.8097568
0.74451905
0.7019228
0.7056144
0.7408925
0.8409777
0.8602855
0.7776213
0.7940342
0.07142233
0.05497219
0.046383224
0.046587925
0.03891775
0.04291138
0.86706394
0.91606975
0.9554848
0.9571895
0.12521982
0.082283944
0.065016545
0.0520771
0.04425804
0.05823661
0.12904237
0.28226155
0.6612509
0.7757306
0.7458429
0.83495265
0.81566066
0.88783735
0.88968617
0.8485534
0.23860495
0.28599468
0.72942317
0.12575808
0.22414537
0.16413955
0.24304374
0.86891013
0.8779602
0.89564764
0.8853928
0.8320409
0.8483569
0.88068014
0.85269016
0.867585
0.35564533
0.23374006
0.13724443
0.10092214
0.09519849
0.17016588
0.7517229
0.7460319
0.8124777
0.7760428
0.58708256
0.3776906
0.42048532
0.5134575
0.5343858
0.57335806
0.54524875
0.53786534
0.4529646
0.3906147
0.57861125
0.5070576
0.30913794
0.27051353
0.31786567
0.40812477
0.62614113
0.7878653
0.83988893
0.89032847
0.9074145
0.91025573
0.90635556
0.9153054
0.9135236
0.90322995
0.88348407
0.8628881
0.8533726
0.8206053
0.35786107
0.23429969
0.21957311
0.255771
0.39139864
0.4679103
0.85555845
0.8636921
0.77589047
0.6616161
0.5274751
0.50310606
0.5832895
0.69521624
0.67513293
0.5075105
0.4737172
0.45936233
0.47710797
0.51487774
0.5053415
0.42683244
0.43822733
0.7155757
0.7176721
0.14144364
0.111135274
0.13204394
0.16096115
0.86805004
0.384607
0.87280154
0.87198263
0.8325459
0.7959186
0.65499634
0.5193209
0.5770931
0.64848447
0.24155614
0.20627849
0.2162838
0.16383624
0.1819915
0.5802206
0.5974403
0.120976724
0.0694078
0.057697617
0.06098523
0.069103144
0.09582881
0.789606
0.8166211
0.6885347
0.6714917
0.6389352
0.1305808
0.11354246
0.16068625
0.2889996
0.307616
0.36001718
0.6278544
0.66350275
0.7360314
0.71968913
0.7333949
0.7492407
0.73425835
0.7739052
0.8469728
0.8666583
0.87159777
0.8885639
0.8882184
0.8754413
0.85516834
0.82144874
0.7883812
0.3432974
0.2757252
0.27060866
0.33046615
0.5183243
0.6834853
0.56842893
0.4482248
0.36189666
0.2760476
0.26452342
0.3192967
0.43544355
0.35886067
0.35940817
0.43032765
0.6512576
0.36242697
0.25951955
0.23461962
0.375821
0.44279322
0.49765432
0.5233585
0.34127438
0.27468824
0.28000188
0.30006665
0.31257954
0.24172607
0.23695229
0.29311
0.7828941
0.8127046
0.42742968
0.5392779
0.52181995
0.3983783
0.71188825
0.78287125
0.2636476
0.21398734
0.18740444
0.12924062
0.11511467
0.7956909
0.8613872
0.89266515
0.86736226
0.87554044
0.91585016
0.8902321
0.050933193
0.04503433
0.052046504
0.058243494
0.070219666
0.062991515
0.053873945
0.0471897
0.045311548
0.07350719
0.84169006
0.23875014
0.26471636
0.18078424
0.7617936
0.7957421
0.9035957
0.9248068
0.91550726
0.10601043
0.08807946
0.066448666
0.052394297
0.047409598
0.079567246
0.8956269
0.914652
0.88140607
0.85009444
0.88775235
0.85711896
0.86319417
0.80743843
0.6691651
0.12728216
0.12521924
0.54215485
0.18800247
0.23087403
0.21996954
0.22580436
0.31440982
0.35205036
0.4513017
0.6860085
0.16829936
0.10824162
0.09598363
0.09701659
0.13148241
0.17477888
0.56872654
0.13093525
0.12797974
0.12058919
0.13182825
0.1675796
0.12365066
0.08135004
0.062861614
0.065172166
0.07078025
0.09821803
0.2765261
0.901992
0.75076956
0.7511247
0.8052718
0.081293724
0.07289505
0.04630406
0.034113966
0.026431916
0.025153592
0.02997039
0.17202756
0.93566865
0.9410032
0.9424456
0.9384341
0.88844955
0.2288607
0.10975682
0.74455726
0.049587358
0.038586717
0.045264643
0.0951686
0.84505564
0.1546855
0.106121086
0.11288548
0.1516971
0.14093669
0.18350175
0.27048707
0.2824679
0.20035616
0.22753373
0.29839578
0.29761195
0.29253137
0.2189993
0.91066444
0.90961885
0.86038744
0.80675334
0.7987596
0.70598894
