0.88226265
0.80900896
0.7068465
0.66597795
0.6973361
0.7485621
0.72764033
0.72754145
0.7852537
0.857277
0.8616825
0.81745917
0.70569474
0.63852346
0.6428472
0.7347092
0.85219216
0.8757353
0.8452802
0.8588226
0.82315433
0.27094933
0.14517124
0.12909502
0.16133948
0.20642944
0.22932269
0.23250715
0.15325926
0.12723397
0.12089973
0.14593397
0.58868885
0.16721065
0.15407214
0.14241691
0.13120472
0.13594547
0.15061222
0.15180202
0.22495957
0.68579835
0.7375695
0.6711388
0.64492816
0.21299738
0.18730696
0.175971
0.16902412
0.17878675
0.19373174
0.21083012
0.2645685
0.25298354
0.6175268
0.63177085
0.37923527
0.2811783
0.2832593
0.26894048
0.24210362
0.21396561
0.21606757
0.22868425
0.3262093
0.620953
0.30846775
0.3368642
0.67257726
0.45921206
0.44687456
0.3752455
0.61917377
0.1765004
0.16231701
0.19155268
0.7169752
0.7215445
0.80522525
0.37340552
0.25548625
0.26002297
0.2513238
0.22244193
0.20295411
0.18018097
0.1714166
0.16115575
0.16023691
0.16123079
0.17268036
0.59354734
0.20288026
0.2039948
0.6121587
0.21887827
0.27822268
0.82889587
0.34735855
0.13922822
0.08208531
0.08213817
0.12201254
0.27547294
0.8654052
0.13671659
0.10900014
0.16248146
0.15770304
0.82415885
0.6987416
0.70512587
0.728678
0.1819981
0.16008024
0.12813585
0.18443304
0.20132571
0.87947255
0.8232621
0.8033083
0.05385361
0.06146092
0.080924824
0.0583455
0.036274113
0.03486074
0.08313539
0.8859448
0.8975785
0.869828
0.85435486
0.84796935
0.8527887
0.85883033
0.92664576
0.12368383
0.048400052
0.032863535
0.03474979
0.04604317
0.061624266
0.063231766
0.07055866
0.061774082
0.054635298
0.06115721
0.12417986
0.8257322
0.12711754
0.08724826
0.065623105
0.6832737
0.05089957
0.0467479
0.087759994
0.32966584
0.9093348
0.8625353
0.8336188
0.17990646
0.10952627
0.05683688
0.050720397
0.74621904
0.06553477
0.053033117
0.075528815
0.74080575
0.7860159
0.89031035
0.047789987
0.021716837
0.018611303
0.01956066
0.027956003
0.30013022
0.94851416
0.91113126
0.8837222
0.8815495
0.048066445
0.030782612
0.025382308
0.028139416
0.034466375
0.05034913
0.04999033
0.0836294
0.9259449
0.069571756
0.05212986
0.8357468
0.09623471
0.07189061
0.05949992
0.040846787
0.043487173
0.08218206
0.855187
0.13029593
0.097912036
0.65317124
0.10536405
0.120439775
0.625538
0.15361816
0.16329983
0.2587031
0.7281444
0.12049816
0.11898276
0.14139338
0.17442773
0.17973933
0.1829433
0.79001147
0.7546114
0.7799788
0.81445897
0.37682527
0.5324537
0.55907947
0.821542
0.73637664
0.72229004
0.73384345
0.7924366
0.77886313
0.30121672
0.28611398
0.25215608
0.8389488
0.8176216
0.86291564
0.8533117
0.16101941
0.19902416
0.2203729
0.16872989
0.13585274
0.18257548
0.052268606
0.058849964
0.06790641
0.0629152
0.062114485
0.06506492
0.05284485
0.050016593
0.12089271
0.89062804
0.89921945
0.9157449
0.93221766
0.9526373
0.9451827
0.09110133
0.052343123
0.041936394
0.053771637
0.76040435
0.109514125
0.32452083
0.8916842
0.12213102
0.07140658
0.06209127
0.08786066
0.17986496
0.18750426
0.19687764
0.104062565
0.08171614
0.07865328
0.095251516
0.19304723
0.86125094
0.7942015
0.069051996
0.05711604
0.049606476
0.046354488
0.06310241
0.084002994
0.8730342
0.89502776
0.059714243
0.035172675
0.0323368
0.049061757
0.909602
0.062396806
0.05199436
0.09056099
0.0929087
0.14186801
0.8696738
0.12170775
0.056619853
0.17672423
0.89917177
0.92678314
0.9490112
0.93843764
0.24670017
0.11525512
0.16902609
0.85697275
0.0701992
0.067533605
0.04697634
0.038681287
0.057783436
0.85628945
0.8989197
0.88360274
0.849758
0.8559451
0.90350634
0.9085024
0.92588377
0.9314646
0.92557263
0.89779216
0.78360415
0.7721763
0.87981856
0.1271392
0.06119207
0.04302996
0.041665133
0.070960216
0.8600094
0.9088777
0.90289676
0.8223991
0.7763227
0.78617704
0.8724131
0.17488043
0.11328622
0.099064834
0.089678764
0.089983605
0.0923105
0.15433912
0.088650316
0.08308483
0.15456036
0.91894704
0.9247455
0.9432116
0.9251174
0.9184274
0.08237364
0.05293552
0.042901292
0.047881972
0.0614904
0.6227569
0.6052417
0.7071655
0.8598966
0.8536829
0.1646756
0.11487314
0.10342726
0.1607999
0.79360086
0.34211534
0.31840715
0.33061737
0.39708602
0.36913487
0.2682094
0.7803166
0.8825836
0.9072003
0.9056072
0.83499634
0.16293661
0.0958219
0.07522965
0.110102154
0.1392502
0.16626346
0.7428143
0.25775734
0.18766199
0.7493889
0.7969269
0.8299441
0.90629613
0.2916679
0.16360523
0.7789729
0.11657015
0.092019
0.07826168
0.080579646
0.067162536
0.06285351
0.073028125
0.14261825
0.90465647
0.9059928
0.3320546
0.87408155
0.23654346
0.14204726
0.73724055
0.7881599
0.8525569
0.08590558
0.05572454
0.060190167
0.091388375
0.24189815
0.28815967
0.3418689
0.3966781
0.82593554
0.7363742
0.6872076
0.655874
0.67953795
0.7983787
0.28513834
0.35563087
0.85077775
0.82304436
0.85752594
0.45570582
0.26302817
0.38058034
0.8708237
0.8829032
0.8994367
0.87775433
0.8200452
0.29276997
0.218693
0.21056427
0.8218509
0.8748904
0.8676261
0.8921309
0.36751792
0.2063025
0.812315
0.8082878
0.8211102
0.84933066
0.88634235
0.88401824
0.91120106
0.24887559
0.18157081
0.14567271
0.089343525
0.059318427
0.04887471
0.05054065
0.07986184
0.7332132
0.8033202
0.7792102
0.8435338
0.8253399
0.68859524
0.65090305
0.79408836
0.8014388
0.8813199
0.9035731
0.90455306
0.8903662
0.86741865
0.7335362
0.09410814
0.10881503
0.25040716
0.79699415
0.27447626
0.26838046
0.25447103
0.23645572
0.25329846
0.7279934
0.76082927
0.7958772
0.87585735
0.8682947
0.30097094
0.2748699
0.2641898
0.30091566
0.35214883
0.8372107
0.8251302
0.8412223
0.20370544
0.13101484
0.12743904
0.7032443
0.7781454
0.7658298
0.861841
0.8693389
0.88746345
0.87551236
0.8070448
0.8220734
0.72234863
0.67665803
0.6977989
0.87247044
0.9067794
0.12399833
0.09249595
0.05786209
0.038536936
0.029518547
0.025740344
0.02596479
0.0269061
0.07583384
0.8848803
0.88967925
0.91015726
0.8532888
0.3152249
0.22077322
0.7724139
0.779158
0.16401176
0.07365786
0.055482633
0.06599068
0.7226976
0.22959231
0.17100677
0.1573916
0.7698445
0.79972774
0.8145269
0.85325927
0.13212427
0.14041898
0.28792205
0.3074963
0.7104842
0.3406846
0.30611086
0.88937473
0.90343565
0.8898279
0.86207557
0.7803128
0.7188623
0.68213177
0.19183068
0.36429197
0.7786156
0.3224927
0.21359704
0.16247359
0.18653762
0.50268203
0.36213484
0.5048451
0.5216897
0.3880726
0.567673
0.49583936
0.19263215
0.16910939
0.1707804
0.19603987
0.2379573
0.23964499
0.2567954
0.33524278
0.4793991
0.3830535
0.3788148
0.39102837
0.42487684
0.479588
0.49826625
0.5258653
0.6754028
0.70711845
0.7862292
0.7935546
0.58150923
0.4757385
0.4638286
0.40215114
0.4541621
0.5104276
0.43217173
0.33912328
0.30642805
0.27050257
0.274133
0.24904071
0.2699183
0.34326345
0.26401705
0.27727693
0.56028384
0.5380881
0.4147245
0.77926826
0.16931681
0.1909269
0.2646207
0.72560227
0.70612186
0.17588955
0.11926254
0.113893546
0.1261309
0.15791842
0.8435228
0.91455126
0.9250474
0.90830606
0.8461943
0.8074637
0.7125837
0.7084449
0.76603705
0.85675377
0.87118894
0.83967984
0.7130023
0.68769705
0.78106886
0.74193174
0.8041311
0.78780514
0.3316606
0.34076437
0.28931406
0.315036
0.2891679
0.7564077
0.64557093
0.30050683
0.3862079
0.31436017
0.78385454
0.7386613
0.7489103
0.73727405
0.06903026
0.03678878
0.031790588
0.033972427
0.033998184
0.033212695
0.034209915
0.034685295
0.043348458
0.12007852
0.82755804
0.7991347
0.7800147
0.7540046
0.76031816
0.209866
0.23048705
0.74483234
0.13850734
0.10699775
0.11861208
0.15755051
0.25694603
0.25637463
0.28140628
0.3664641
0.34451807
0.37690446
0.48203
0.55044186
0.49097717
0.46374032
0.43679893
0.28560126
0.4934387
0.21689509
0.18532956
0.16786176
0.17154704
0.4552694
0.5333912
0.6810231
0.36967355
0.25822467
0.22511184
0.24820545
0.22377789
0.25381035
0.3743711
0.84843427
0.8090734
0.80061585
0.8492926
0.8571857
0.886408
0.8932233
0.90874356
0.92039007
0.93214184
0.9397539
0.9393723
0.910824
