0.92644197
0.8915478
0.8429927
0.8076494
0.7983761
0.8275492
0.79734135
0.7995194
0.20033497
0.106446564
0.048036706
0.0319578
0.032218225
0.06324695
0.9025343
0.87814885
0.92717713
0.15097138
0.046466332
0.029476937
0.027569732
0.029601814
0.029100489
0.028978925
0.04165708
0.079478145
0.90611905
0.90550476
0.9165571
0.9416963
0.071444154
0.030619314
0.01969174
0.021482928
0.026897354
0.035970017
0.05604972
0.11808143
0.18415318
0.837267
0.776522
0.7477634
0.1477761
0.6908194
0.10414842
0.10366935
0.12497889
0.15406229
0.24620773
0.117140695
0.12062954
0.12699826
0.12939066
0.11823488
0.12205019
0.13114707
0.8006007
0.85868615
0.8413863
0.7290592
0.13327932
0.14873718
0.32077327
0.72582626
0.7333598
0.7471826
0.7326213
0.7325677
0.22274385
0.3522966
0.7297335
0.21667543
0.24627516
0.31158876
0.7238445
0.72517574
0.74977857
0.7555573
0.7777998
0.79393554
0.81197864
0.8637373
0.8795454
0.40817052
0.3700915
0.2708104
0.80126464
0.21058679
0.15503031
0.8554713
0.8859814
0.8819356
0.8413624
0.792462
0.7410837
0.1365865
0.095421135
0.116875835
0.7789248
0.8152143
0.1061615
0.0749548
0.10322496
0.19720715
0.7545821
0.20716716
0.135392
0.12787579
