0.92413133
0.91120243
0.8926135
0.83379185
0.7939282
0.80652845
0.85628474
0.13880363
0.060304504
0.037809372
0.031096278
0.031507492
0.03923158
0.102674425
0.867354
0.27463102
0.05252675
0.034155916
0.02403315
0.018724682
0.02106585
0.04996376
0.91355366
0.90879416
0.89999175
0.9094843
0.956103
0.053635716
0.02223149
0.015471838
0.014861456
0.016190113
0.020230578
0.039629884
0.88613015
0.910986
0.8940092
0.93082553
0.8983077
0.033614185
0.02797358
0.031968232
0.028630247
0.027708942
0.029801847
0.05307183
0.86185896
0.79107857
0.743912
0.06901596
0.041870274
0.036715638
0.03527324
0.036480196
0.036417965
0.0536997
0.84729856
0.87213874
0.075355984
0.045220073
0.052420136
0.10904219
0.85702395
0.7435527
0.76422083
0.90041775
0.92301565
0.11384387
0.07295824
0.10921503
0.80674773
0.8810124
0.85489
0.050233927
0.030840147
0.029878652
0.048867393
0.82363963
0.8285684
0.8474876
0.8881053
0.8326785
0.8147849
0.05002547
0.033871774
0.037217047
0.055472974
0.7021802
0.76439685
0.89286643
0.34058815
0.14145344
0.11539822
0.13914202
0.18995376
0.15847197
0.114774905
0.10301742
0.096349694
0.10303751
0.6669396
0.6948006
0.7540539
0.8102033
0.73615724
0.0747966
0.044450637
0.046508044
0.074157804
0.89920676
0.8920134
0.8596317
