0.9191679
0.8933306
0.8600563
0.8495944
0.86668843
0.8719663
0.91940683
0.9368048
0.20427264
0.060521595
0.05094633
0.053695753
0.036383934
0.033140182
0.029210398
0.030571302
0.037096523
0.06687902
0.88997614
0.106233194
0.04483501
0.032271218
0.02495767
0.024449548
0.05273299
0.8918221
0.871781
0.8678356
0.07194074
0.04082537
0.030482663
0.038944084
0.078865
0.119128354
0.8032807
0.285233
0.30086762
0.7768989
0.089517616
0.07189057
0.124567896
0.8786177
0.8366813
0.119187854
0.13603468
0.1697386
0.13690403
0.18890135
0.08901597
0.08220554
0.096377015
0.17681843
0.8205721
0.89980555
0.9049799
0.8570251
0.9034513
0.11010916
0.10832233
0.062163472
0.052605003
0.06862639
0.90381324
0.9165946
0.08627701
0.044804588
0.05490838
0.8653263
0.8944451
0.8266996
0.7681157
0.07585298
0.059768032
0.094753996
0.8557915
0.10594919
0.07215216
0.087672554
0.080935724
0.09829389
0.85881126
0.76191545
0.76230174
0.85584563
0.84693635
0.2360416
0.15845121
0.12480535
0.17029774
0.07805616
0.08119993
0.082765914
0.122949466
0.18967302
0.20427369
0.25457093
0.74931324
0.7176501
0.74057096
0.13835849
0.11114475
0.068792544
0.045249786
0.038432036
0.04139419
0.078731045
0.8489083
0.70830476
0.62257016
0.60782105
0.65300614
0.74355716
0.84910464
