0.8693873
0.8450302
0.7747645
0.09008007
0.052456126
0.059459064
0.13202871
0.9213419
0.9231419
0.9054423
0.85227084
0.7953015
0.7673329
0.78017074
0.8325012
0.19919923
0.13473561
0.07576664
0.04443685
0.03603504
0.036637865
0.032837693
0.030217985
0.040548783
0.05944444
0.91398376
0.16685875
0.13624842
0.94310325
0.96155655
0.95372343
0.9218912
0.050656714
0.03009569
0.021087937
0.021607231
0.02626177
0.054617014
0.84189147
0.8657385
0.11595431
0.09683439
0.12394655
0.13153481
0.09249857
0.08350784
0.7805022
0.77150613
0.7851451
0.85472023
0.87617135
0.92418337
0.9314074
0.93159795
0.91291136
0.11794836
0.10748529
0.1507538
0.17696837
0.93013245
0.9484193
0.94341666
0.9436688
0.94158214
0.93867
0.93690115
0.9395308
0.9364942
0.9277094
0.8994989
0.8016404
0.7443316
0.7576986
0.8858398
0.90228426
0.87793756
0.7601677
0.7170396
0.74460655
0.82960767
0.28528497
0.2184908
0.17355631
0.14025858
0.810169
0.8651627
0.8533942
0.10959172
0.047130022
0.05264551
0.83101994
0.1707573
0.060140036
0.037480704
0.0361076
0.07706194
0.93494034
0.9565808
0.95912695
0.95560104
0.9426584
0.08147234
0.05888786
0.0541148
0.06364013
0.058802098
0.056020014
0.07231443
0.13446239
0.8077479
0.7737745
0.75134516
0.7496712
0.23637728
0.36896577
0.4191545
0.42532647
0.8305883
0.8659243
0.7972677
0.65700716
0.65770924
