0.91084963
0.8727525
0.85522753
0.3776454
0.14719832
0.09351376
0.08001807
0.09905189
0.7116391
0.83227336
0.84611845
0.87017286
0.34745425
0.26180816
0.280016
0.19700462
0.76155806
0.17024727
0.114790395
0.12529974
0.18853544
0.79846084
0.83380944
0.7809626
0.754897
0.7729819
0.13771634
0.06153529
0.050118923
0.076672986
0.077780746
0.113758326
0.89857036
0.06537605
0.04438259
0.0911406
0.92218167
0.8862612
0.055185974
0.025565006
0.019319154
0.018287057
0.020317221
0.02618301
0.02820186
0.042859435
0.9300813
0.9499638
0.96885276
0.97133404
0.96462286
0.9478769
0.92736685
0.029687725
0.025752645
0.030132016
0.034646492
0.03184766
0.035237603
0.04633983
0.045274325
0.025661781
0.018339075
0.02322626
0.8954394
0.9320054
0.9262833
0.10097869
0.07264017
0.046520397
0.03821286
0.037658036
0.06609041
0.87457657
0.2106726
0.1575035
0.12318666
0.12029301
0.86890656
0.14037283
0.074050836
0.057871804
0.05815213
0.05648362
0.06600961
0.09935848
0.1265685
0.11973695
0.13793121
0.18898995
0.15332887
0.12102408
0.14012183
0.7714905
0.81832224
0.8951298
0.88957703
0.8317392
0.80116487
0.20112748
0.15437193
0.18480386
0.20723045
0.29349092
0.79592013
0.4392208
0.35404885
0.3051458
0.1861778
0.17409658
0.77568763
0.838458
0.82884693
0.8704321
0.8458512
0.8767877
0.87235403
0.094025075
0.06605216
0.07593995
0.12441888
0.27031285
0.8611229
0.84802055
0.8734077
0.81903756
