0.2318669
0.13644917
0.21072116
0.4616233
0.85234964
0.8443716
0.7319632
0.7007256
0.406669
0.5270504
0.52748936
0.85828173
0.85947996
0.8366716
0.7823992
0.73428136
0.72784543
0.743023
0.76091295
0.71383464
0.7500441
0.8411207
0.4530865
0.29961088
0.21215376
0.12252766
0.102854505
0.092407174
0.09233118
0.09361222
0.10806918
0.06296928
0.059670985
0.08022191
0.074005336
0.0883225
0.08111982
0.16645384
0.914952
0.91977084
0.8619481
0.084292285
0.049123615
0.052430484
0.06886629
0.05924838
0.8774427
0.9143698
0.049722213
0.025418434
0.021697879
0.022585107
0.034902766
0.14545462
0.92559415
0.9113348
0.90789163
0.9299085
0.9063964
0.90148664
0.93302983
0.13190843
0.0502831
0.037187297
0.034022838
0.055118244
0.08658013
0.8660138
0.8835519
0.09172114
0.08675592
0.08646486
0.064180374
0.09985349
0.80563676
0.050879255
0.035801396
0.059392363
0.12078533
0.1385155
0.9428168
0.926545
0.9007565
0.06474741
0.04653941
0.042270053
0.03655079
0.041983448
0.040870916
0.038013738
0.035990313
0.034199864
0.034069363
0.032058783
0.032575876
0.038444374
0.050110333
0.08374747
0.10850764
0.8519294
0.8593472
0.89182806
0.23103988
0.14500844
0.13377555
0.17372139
0.31835458
0.9001878
0.1460354
0.10373604
0.10903571
0.11799857
0.10067319
0.09558117
0.14043528
0.2870417
0.8407272
0.82699734
0.82715386
0.82215524
0.18055035
0.08671731
0.06131077
0.05554875
0.055192474
0.060382277
0.081906125
0.19568554
0.9275953
0.9366004
0.9516127
0.079160385
0.029095868
0.024995038
0.025051385
0.03274598
0.03191306
0.03343657
0.033708584
0.033820327
0.034544073
0.03396139
0.03398462
0.055733483
0.9189131
0.0883763
0.11296816
0.08994419
0.18484151
0.8503555
0.2569048
0.22466211
0.37593612
0.9197834
0.921282
0.057820495
0.027921487
0.026719319
0.04683625
0.86646837
0.8718564
0.8872126
0.9024613
0.9061032
0.9095343
0.2638952
0.11022803
0.712042
0.08116092
0.12832403
0.8959173
0.9080237
0.25086892
0.17184052
0.10902002
0.78246206
0.09596495
0.07753717
0.09628499
0.7984814
0.20517822
0.86387074
0.19321342
0.13460138
0.16487339
0.19637202
0.15483235
0.23110336
0.28792462
0.353417
0.3428006
0.3513233
0.33441573
0.29873517
0.25672725
0.7949053
0.74247676
0.7597738
0.8104333
0.8745973
0.8902491
0.867202
0.8758459
0.87931556
0.12551533
0.100941956
0.09156064
0.09371893
0.10299358
0.10574045
0.10487584
0.79946506
0.823028
0.8118252
0.8799589
0.8716564
0.7882501
0.77375966
0.8199607
0.8947459
0.9156133
0.9237144
0.9248534
0.93234044
0.93226206
0.9232927
0.89611155
0.87477607
0.874518
0.8892756
0.89131165
0.9185915
0.9268545
0.9255428
0.9157565
0.89777255
0.31082335
0.09763402
0.09622419
0.10607849
0.09853921
0.097702995
0.14110905
0.27952364
0.84172404
0.8792803
0.91083825
0.9156436
0.91161853
0.8890955
0.88282
0.841143
0.81625074
0.11613523
0.06769323
0.048007827
0.03748714
0.038350515
0.043355677
0.053533003
0.094838165
0.90658474
0.8893153
0.9025241
0.9191717
0.9152789
0.89233524
0.8661849
0.8393149
0.82495576
0.82092637
0.82259756
0.8521885
0.85593677
0.9011942
0.521838
0.31013656
0.22015429
0.1943698
0.14618562
0.12333823
0.11731325
0.08526391
0.079798095
0.11705247
0.16169544
0.82326955
0.7631331
0.7330563
0.76997703
0.8349892
0.8345327
0.8581991
0.91629755
0.926712
0.9246583
0.9046099
0.84265536
0.8328149
0.89571977
0.90552646
0.1176903
0.09013886
0.15997006
0.16118519
0.12149606
0.8850325
0.8009143
0.04426466
0.03116462
0.029093213
0.03844337
0.042569965
0.04620745
0.06709277
0.92108345
0.10727293
0.045702662
0.034668393
0.047604084
0.04786539
0.04255112
0.14874305
0.91844577
0.92675763
0.9401274
0.94508517
0.93310416
0.10484562
0.046282567
0.03138844
0.02918535
0.033263765
0.053893954
0.1015286
0.9014474
0.93597513
0.13988174
0.07961062
0.04332646
0.03704884
0.04291122
0.06844212
0.07440273
0.89248836
0.06771101
0.049199916
0.044174496
0.046539515
0.062430523
0.8720768
0.808621
0.8263585
0.7451482
0.6879265
0.6844374
0.7225625
0.04380485
0.031662047
0.038664714
0.8114943
0.084708594
0.046592668
0.06320454
0.05539575
0.060690086
0.19061594
0.9342969
0.94425356
0.9366324
0.9382539
0.9332153
0.9235639
0.92819536
0.065989204
0.03807298
0.035127427
0.043081686
0.06872306
0.19136699
0.8325727
0.7681119
0.07857671
0.059222363
0.05775186
0.069470055
0.08300598
0.08478587
0.09563031
0.12011074
0.15233254
0.21755101
0.2262262
0.22906101
0.15641263
0.09582526
0.06018653
0.04631398
0.047121182
0.050696928
0.06967512
0.10949749
0.14920884
0.8763561
0.8984083
0.8754746
0.89046
0.84196025
0.8470252
0.101153314
0.05290627
0.065590456
0.063686945
0.060482685
0.054619696
0.046533298
0.04764747
0.060375553
0.8501994
0.88887656
0.1365597
0.2646132
0.28057566
0.32391205
0.8489706
0.13930921
0.17436719
0.82396847
0.8334055
0.22723053
0.10213393
0.055816207
0.04788442
0.06841862
0.82390314
0.83832896
0.85348153
0.8724066
0.8882801
0.13504055
0.07731356
0.06707713
0.08599796
0.16421679
0.8444905
0.7941342
0.7599192
0.73895526
0.7471635
0.2923527
0.19782132
0.7562037
0.18493769
0.1505489
0.13113378
0.12063186
0.78124726
0.79652095
0.088492505
0.094211325
0.07491337
0.07499238
0.06634949
0.08161397
0.08499039
0.098842055
0.13946651
0.9406783
0.93716437
0.9104461
0.8950223
0.9211166
0.90344656
0.886863
0.047500547
0.03906045
0.045855746
0.06251968
0.1263215
0.15306115
0.15997916
0.18065661
0.1531425
0.8395815
0.78648823
0.79199684
0.7999263
0.8034333
0.78930855
0.086412705
0.082914494
0.87101096
0.080831565
0.05679344
0.053299267
0.08783351
0.85489184
0.21372272
0.05756294
0.035868008
0.028304407
0.02552899
0.029802134
0.08236485
0.9256803
0.14342046
0.15559293
0.1105793
0.07813165
0.07279686
0.30661413
0.9190308
0.91884094
0.9073683
0.88971156
0.093214355
0.040795762
0.031554773
0.038439404
0.050828367
0.067134336
0.8434021
0.13016115
0.070460394
0.064027175
0.11333774
0.7837619
0.05707889
0.026188074
0.023835067
0.022732684
0.024157275
0.03143534
0.0483517
0.080797754
0.9073562
0.8764475
0.8549175
0.04058547
0.026613105
0.022349948
0.026065215
0.044495847
0.060129613
0.07857327
0.10687731
0.908336
0.93863046
0.94360226
0.93272936
0.9160354
0.9137101
0.86216116
0.04403547
0.05578255
0.045498177
0.03876473
0.03209337
0.025910025
0.038227636
0.9418748
0.9469861
0.9262268
0.061115663
0.040401444
0.04543996
0.063358724
0.06985572
0.051818777
0.039327595
0.036737975
0.044463445
0.10506187
0.8580771
0.32195705
0.2615871
0.22962621
0.14748794
0.13636893
0.18984544
0.6505608
0.7178007
0.78285575
0.74791014
0.6232845
0.4824663
0.2220823
0.26374695
0.33972347
0.33179808
0.31150585
0.26918992
0.57930464
0.41016874
0.33477098
0.35100904
0.6655556
0.717894
0.68466413
0.74359524
0.70362335
0.783194
0.7633085
0.8495581
0.872387
0.80663717
0.08761193
0.0705965
0.070072286
0.07184758
0.0776364
0.09359982
0.8401081
0.8639528
0.8057628
0.26843104
0.2099546
0.18157874
0.21991925
0.20960712
0.15708375
0.75435835
0.8428772
0.83618367
0.47923818
0.4025548
0.3898588
0.33805057
0.28028888
0.23285213
0.79543275
0.7021844
0.6627942
0.6231246
0.663867
0.7288863
0.8277162
0.8099441
0.7340657
0.3236978
0.40051728
0.43776813
0.39699987
0.3805129
0.41149497
0.7954445
0.828452
0.79832846
0.75812024
0.3403638
0.2857183
0.23073085
0.5313374
0.6468357
0.71593726
0.65439916
0.18728927
0.13119756
0.13476829
0.18445808
0.9146418
0.94391847
0.9352669
0.8935909
0.863917
0.80498123
