0.90066487
0.86301804
0.10032747
0.06276233
0.08829504
0.06841085
0.06757652
0.07569113
0.75150186
0.75606316
0.76299256
0.7967658
0.8392005
0.2958732
0.1534971
0.06120387
0.045836773
0.04085703
0.039907966
0.05086863
0.08042338
0.21429676
0.9101441
0.114902064
0.1100553
0.10649481
0.8929841
0.92074597
0.9171556
0.90967023
0.90303224
0.88428307
0.85285676
0.06757461
0.058480795
0.08838053
0.9010958
0.101070635
0.055113677
0.050470084
0.036716044
0.031043177
0.03175877
0.03731881
0.055022195
0.093837716
0.8561451
0.8254832
0.83929515
0.8237791
0.7986961
0.79092246
0.098429814
0.091097355
0.062143683
0.058141645
0.060323417
0.07942639
0.8205203
0.8500016
0.8607378
0.9039415
0.8757776
0.87595075
0.9325349
0.14153804
0.04417522
0.02851892
0.027035797
0.030206757
0.039544642
0.060215637
0.06812755
0.0713804
0.09521576
0.10207759
0.13327207
0.18032189
0.923151
0.9318888
0.09590345
0.099289276
0.069162875
0.03712479
0.033101
0.038918316
0.8399074
0.04060436
0.023243262
0.03631605
0.90107596
0.9129472
0.92080045
0.9130146
0.9015063
0.07147785
0.048188865
0.05441528
0.8266456
0.05087848
0.029632293
0.032217473
0.06299477
0.84711015
0.10588137
0.1000204
0.84924483
0.8014106
0.79929954
0.8518966
0.15935287
0.09938131
0.08949577
0.075131804
0.06413522
0.053724747
0.042996883
0.035594296
0.03093992
0.029558493
0.034532066
0.049890023
0.13472901
0.8717214
0.9116603
0.9165322
0.9270901
0.90103155
