0.8825843
0.85080826
0.80799353
0.79960126
0.7934487
0.74047124
0.71855426
0.7422635
0.77953446
0.8179994
0.79280514
0.80384654
0.15571675
0.10454738
0.11790637
0.13339019
0.11508808
0.10683889
0.1379697
0.74009067
0.1519958
0.1542453
0.25587556
0.40365043
0.854433
0.8542907
0.76752615
0.7571557
0.15380797
0.119404204
0.10210091
0.13086268
0.1985737
0.24140756
0.2412998
0.33403933
0.7401307
0.7290961
0.72781295
0.18766256
0.17595066
0.68388784
0.07041904
0.055802606
0.07227922
0.7619329
0.7908727
0.8509897
0.86374325
0.903731
0.92255116
0.9239844
0.8922588
0.29481345
0.2954047
0.37883958
0.76405764
0.7710747
0.79437345
0.38300553
0.42626786
0.3340775
0.8715392
0.85944784
0.81384426
0.81198
0.8171201
0.8643739
0.83515704
0.83069646
0.13212755
0.09349523
0.10783158
0.66498923
0.33560804
0.2291781
0.72078675
0.7454924
0.8113436
0.18851884
0.11931969
0.12410939
0.24897857
0.8115721
0.7544795
0.7163373
0.5547338
0.48025104
0.41476408
0.12639654
0.1334203
0.21390219
0.74919325
0.3025691
0.20234032
0.1591724
0.14515968
0.07309439
0.104361385
0.109711096
0.13502799
0.19572863
0.8150182
0.8417654
0.22020482
0.25875542
0.16493703
0.7586148
0.7437543
0.70198435
0.6598779
0.15948032
0.14298044
0.15124914
0.72420305
0.79404026
0.7438602
0.67888165
0.07541275
0.060832765
0.06915242
0.1098447
0.29221666
0.9165843
0.87726206
0.8513195
0.8202922
0.8037698
0.789258
0.8035105
0.8325782
0.86461955
0.88913
