0.91656476
0.9159236
0.9163161
0.9137767
0.9037296
0.8856548
0.8509184
0.8223167
0.7798057
0.2831097
0.14424902
0.19265667
0.67504036
0.24491458
0.73051095
0.1650844
0.12627544
0.1512839
0.26527444
0.25729272
0.20377748
0.24940532
0.26658154
0.34180397
0.8434281
0.23134255
0.3238259
0.7912254
0.10065779
0.06044678
0.051539328
0.054554105
0.074210174
0.12421331
0.14043649
0.7486404
0.12935784
0.13364993
0.1745529
0.7745107
0.76476026
0.22841483
0.86391896
0.35398042
0.36227947
0.8291966
0.26327848
0.1285361
0.05599818
0.032571025
0.0287657
0.032482404
0.034521777
0.03562681
0.038750358
0.048927467
0.061359536
0.82702833
0.11722484
0.1594231
0.82883215
0.122989796
0.07520309
0.11225019
0.15405685
0.88914543
0.90992254
0.8847564
0.89910007
0.9037788
0.9144094
0.07047948
0.032845277
0.032965478
0.07816429
0.91918105
0.16291814
0.14295532
0.92274517
0.06806589
0.03347954
0.026693353
0.026883777
0.034651402
0.03723571
0.03957424
0.044958033
0.06979512
0.10655806
0.15961409
0.85543156
0.20689656
0.2172329
0.860915
0.20010425
0.797445
0.81063735
0.25040534
0.23740168
0.22440442
0.8291525
0.0866229
0.07271967
0.07374135
0.08728161
0.083904535
0.103205055
0.093192816
0.83474916
0.11806094
0.08481376
0.80383545
0.09028076
0.0682818
0.062264297
0.056764286
0.06164657
0.06676812
0.07189204
0.10728161
0.2608588
0.8696122
0.21673104
0.7162729
0.22662358
0.17151077
0.19700322
0.86407155
0.8792459
0.8126856
0.70164824
0.7308544
0.79539144
0.7802959
