0.90443456
0.80805093
0.114697896
0.16304338
0.18746065
0.1510901
0.13671242
0.7504194
0.74919975
0.18243903
0.19275606
0.11110654
0.075720936
0.049902502
0.037567247
0.032013316
0.031324826
0.0342011
0.0423995
0.06624811
0.07177333
0.083688386
0.17766751
0.86708003
0.88644356
0.8128852
0.7674788
0.15686883
0.06820811
0.10031535
0.8690116
0.92289346
0.9367103
0.9386934
0.94181114
0.93620294
0.9049817
0.14914763
0.15195338
0.21452975
0.8935436
0.8938927
0.85366404
0.86382526
0.11060997
0.08679518
0.14198585
0.8672081
0.056482863
0.03626893
0.03686879
0.045525204
0.074866526
0.098610654
0.12104852
0.14136645
0.1261154
0.11499183
0.11383797
0.7231008
0.7685207
0.3568899
0.29011536
0.249001
0.22581232
0.23052318
0.8356797
0.42878643
0.38034984
0.36330923
0.76563376
0.7583826
0.22630705
0.1147559
0.09078632
0.10174431
0.79073805
0.8170201
0.22041345
0.1244943
0.14457361
0.22869565
0.22022623
0.73199594
0.76666445
0.7711056
0.7960149
0.78564304
0.79663056
0.84168565
0.8305553
0.83916044
0.8918033
0.9123499
0.10783182
0.08199029
0.05950274
0.06761969
0.1128217
0.85429883
0.84709746
0.8812151
0.9193911
0.9116215
0.9244491
0.09580163
0.046101533
0.032139126
0.0384717
0.079745844
0.9099217
0.08092021
0.07064787
0.085526414
0.081874155
0.0888238
0.74954736
0.07712096
0.07817542
0.12958688
0.24102008
0.77954584
0.7240937
0.27641046
0.27334204
0.29863527
0.7185042
0.78675735
0.26944593
0.3681102
0.43813038
0.4003232
0.3483284
0.5554928
0.5808887
0.65252376
0.71043175
0.28599313
0.26842162
0.2351263
0.29479593
0.33209407
0.8106394
