0.93650734
0.93467396
0.92683053
0.91160816
0.9271313
0.93374765
0.935019
0.9262937
0.8895185
0.75035334
0.7227725
0.76918554
0.6958855
0.64464915
0.17789249
0.21754138
0.8660925
0.3043417
0.11031756
0.08280346
0.08423153
0.10652269
0.16585422
0.8947282
0.90468425
0.8773956
0.78088355
0.8290358
0.12581629
0.11949203
0.1438993
0.1565018
0.19087857
0.8054674
0.8629163
0.86023366
0.7776142
0.8004658
0.16449225
0.12827627
0.17112367
0.19845308
0.1656917
0.8451122
0.7387019
0.6933756
0.78237885
0.7171647
0.08040431
0.09794137
0.29466832
0.7359419
0.32527328
0.24777593
0.3850196
0.87748444
0.9086331
0.9051829
0.85624963
0.29011443
0.17692226
0.1565468
0.74127376
0.7992298
0.7083159
0.6891718
0.7063927
0.6884005
0.12473539
0.12653026
0.20800072
0.86723846
0.84013695
0.7582251
0.16199256
0.14061531
0.16860472
0.6422282
0.2133991
0.17344879
0.18017283
0.71139175
0.04773635
0.030459994
0.029246723
0.026953956
0.0276797
0.030011842
0.032137312
0.033798404
0.030533832
0.071937494
0.93951696
0.94329244
0.9503309
0.9468767
0.948508
0.9401548
0.9087436
0.8684084
0.040648647
0.027989462
0.02859728
0.043159913
0.043149866
0.047053102
0.057262126
0.03634548
0.03539735
0.064210005
0.8485453
0.7685518
0.87284464
0.9126276
0.09201792
0.052454036
0.045345366
0.037391424
0.031798176
0.05096193
0.9313307
0.9531089
0.9461228
0.92712486
0.90916014
0.82389295
0.693636
0.6463087
0.07557173
0.049069885
0.054808673
0.07302318
0.13422997
0.28020328
0.7310192
0.7799936
0.9076046
0.9274016
0.91748154
0.87993264
0.70326614
0.13350366
0.10719039
0.10147785
0.10159232
0.11802173
0.14089851
0.16766854
0.38277233
0.6654534
