0.9372164
0.93087023
0.90579945
0.85834223
0.83037543
0.8249138
0.8261647
0.79342514
0.7777043
0.7612199
0.74332047
0.80632
0.1772531
0.13600916
0.18833315
0.158904
0.63622445
0.13446607
0.1518781
0.6470859
0.7024848
0.72448933
0.722888
0.76859343
0.1466448
0.080698065
0.07252174
0.09723839
0.79071903
0.84547913
0.804396
0.7852058
0.83937746
0.78401166
0.105638385
0.078320846
0.092206016
0.11388598
0.1114864
0.18939859
0.2662867
0.20680724
0.67946786
0.09934567
0.05121736
0.043413546
0.04622064
0.07171
0.7842066
0.32012847
0.19600824
0.122801505
0.73700166
0.075056106
0.053917054
0.06524069
0.051673725
0.07473669
0.81643194
0.82341784
0.8395887
0.82587904
0.09370102
0.14720705
0.8862592
0.9082619
0.8854441
0.8533809
0.105436675
0.10016264
0.85720515
0.07352025
0.04174542
0.032439332
0.02909319
0.0399344
0.7950453
0.07238554
0.08078557
0.13759285
0.89946324
0.8452116
0.8494243
0.8797007
0.080741376
0.060564816
0.048192043
0.04505676
0.048090674
0.058053177
0.06907214
0.07312662
0.09135548
0.092234164
0.15269807
0.1042383
0.09667702
0.09322882
0.065448895
0.048126087
0.03940322
0.09200467
0.9412349
0.9499889
0.9366252
0.88583905
0.12945981
0.7391099
0.05244166
0.046545867
0.06172921
0.115286134
0.25359976
0.3796007
0.7638055
0.20425543
0.16282806
0.029092308
0.037885614
0.037570383
0.034292284
0.033087205
0.045392234
0.83035195
0.08547503
0.08793488
0.066459626
0.047645297
0.039970692
0.032371655
0.025582092
0.053846847
0.924671
0.9509215
0.9547441
0.9512259
0.91934556
0.89133257
0.033491332
0.022339094
0.021561414
0.02667522
0.041130494
0.04355738
0.044794224
0.04741272
0.061660226
0.06349757
0.07639991
0.116247945
0.113051526
0.08879239
0.8242558
0.81226397
0.7153075
0.64819825
0.1264423
0.14847207
0.74315464
0.10932157
0.091527864
0.092863515
0.14609052
0.85335505
0.79156274
