0.93649894
0.93837845
0.9295822
0.91503876
0.9258966
0.9281282
0.92502934
0.89965063
0.40724656
0.25373644
0.29311985
0.22210732
0.6753808
0.20275615
0.18314162
0.15864305
0.14045972
0.12714182
0.1324534
0.2140369
0.18404557
0.1003164
0.10291463
0.74937207
0.8434361
0.84386086
0.8933801
0.16043767
0.07377156
0.059613675
0.049427148
0.04230443
0.03912229
0.07621301
0.87997204
0.8728491
0.86951464
0.84184563
0.16924055
0.15336356
0.83773917
0.81397885
0.119349
0.10826098
0.19369861
0.7404411
0.23437585
0.31806868
0.87402874
0.85681754
0.8822816
0.86930823
0.18732241
0.1779697
0.23274565
0.80828524
0.076406084
0.0696007
0.1440695
0.35907704
0.934442
0.935216
0.13902494
0.044267695
0.03765587
0.05380912
0.9134929
0.8990215
0.15144241
0.047074247
0.03580505
0.03213151
0.028842028
0.02477485
0.025508087
0.036076363
0.8138215
0.22704399
0.93207955
0.9340731
0.19738251
0.07837014
0.0429992
0.07169632
0.91666895
0.9285615
0.9416577
0.93625844
0.90246075
0.8544215
0.8100518
0.8095885
0.05852926
0.042611774
0.05210696
0.15194875
0.9349377
0.060400505
0.04095425
0.046652086
0.04092553
0.037395045
0.04200279
0.058038123
0.051745214
0.08472536
0.80246305
0.7770496
0.77738506
0.7898032
0.81308573
0.87280154
0.8893231
0.11232252
0.06727379
0.07650585
0.20135948
0.8916521
0.8232552
0.13161428
0.104782514
0.09372825
0.09752703
0.05057254
0.063622154
0.07815632
0.111579984
0.87742496
0.92584944
0.24468613
0.046605855
0.03158867
0.05681049
0.9278953
0.92800903
0.9204765
0.9134455
0.065892555
0.042364664
0.051446136
0.09187153
0.8053453
0.8410311
0.0880201
0.05517339
0.059436243
0.10715677
0.79764605
0.68902713
0.61709946
0.600258
0.576413
0.19020444
0.1454171
0.1310245
0.15159142
0.52428806
0.18280305
0.14773102
0.16190523
0.48583606
0.17619808
0.16175622
0.1974953
0.418792
0.83751065
0.9034105
0.85762304
