0.73489344
0.5504646
0.39555714
0.43697447
0.27674457
0.63808745
0.3483663
0.6625967
0.77166927
0.19987592
0.101267286
0.11339215
0.82553726
0.12449533
0.12060578
0.89063144
0.08846466
0.04814241
0.038762145
0.03629646
0.04432748
0.17240137
0.934965
0.9353302
0.90633804
0.87211245
0.13210759
0.05266606
0.030321652
0.026739351
0.029586626
0.054527875
0.928679
0.93881786
0.8773503
0.031344555
0.024059186
0.027621137
0.043904435
0.9068144
0.9582918
0.9614411
0.9452453
0.07768605
0.04309722
0.043833103
0.09070765
0.67455584
0.3373304
0.1544183
0.17512842
0.74512845
0.29417634
0.10077916
0.09601654
0.83164215
0.8584021
0.7354671
0.14400955
0.10423191
0.13458759
0.5548877
0.1341941
0.12654975
0.18068096
0.23172104
0.26902214
0.27682376
0.19205175
0.8074455
0.87581825
0.8390532
0.8722159
0.1489959
0.044986773
0.03083862
0.024460133
0.02577308
0.045468617
0.8640423
0.8559839
0.8344429
0.836067
0.057407755
0.04061068
0.048189245
0.05526098
0.069586776
0.1582665
0.9272507
0.9426279
0.91256183
0.13400665
0.123295195
0.12813821
0.2129859
0.73984045
0.15125373
0.080721065
0.07260254
0.060107555
0.0562961
0.05728434
0.06781277
0.119549975
0.21150562
0.87735105
0.91861093
0.91530335
0.89383936
0.9081013
0.90824187
0.905547
0.91435266
0.9168575
0.90498173
0.8553118
0.80281365
0.8348084
0.7489936
0.76876014
0.78142524
0.8070065
0.85445374
0.14926389
0.10420923
0.07324535
0.07247063
0.0939641
0.08999973
0.12243542
0.20402382
0.2575487
0.8895787
0.8790014
0.80705917
0.66467565
0.61366147
0.7294517
0.66609687
0.6753396
0.09885546
0.079633504
0.11170547
0.8272099
0.8815858
0.88458246
0.82392323
0.7745257
0.7351918
0.70117384
0.63776755
0.6077256
0.14453201
0.14230922
0.23234573
0.6727066
0.29503733
0.2861
0.69305086
0.20619366
0.1440125
0.12550156
0.49707025
0.15219091
0.48148742
0.19417973
0.36253595
0.71289337
0.93816984
0.90579987
