0.92931676
0.93375516
0.9341482
0.9271938
0.9063723
0.8431167
0.77436936
0.20930617
0.30006742
0.3052172
0.21833086
0.83962613
0.12917155
0.09467509
0.106432416
0.11169277
0.094426125
0.15249677
0.8372837
0.8185774
0.15958785
0.06496897
0.044454265
0.032898344
0.02805276
0.03243003
0.06073808
0.8871848
0.85442764
0.88483256
0.20757629
0.23913312
0.84664637
0.9188642
0.9329164
0.06617674
0.029956436
0.024781592
0.024446482
0.026690155
0.031735867
0.05812439
0.84198
0.07501151
0.058193184
0.076534964
0.089241445
0.8584126
0.844304
0.8782467
0.92276037
0.94424015
0.947028
0.92806274
0.9270388
0.1569956
0.89946705
0.091773316
0.04950715
0.07067454
0.9177008
0.92466104
0.10736109
0.058488652
0.05379135
0.82847387
0.11440193
0.041851893
0.033669908
0.048047803
0.8581094
0.90443546
0.3872893
0.3116622
0.86268455
0.06141634
0.053338934
0.04365355
0.046298396
0.05268201
0.06570069
0.06284554
0.06656352
0.078078575
0.10096481
0.1793153
0.17600928
0.114251405
0.107256725
0.12583211
0.11455613
0.118206754
0.13465254
0.15888174
0.2212295
0.6603278
0.5578009
0.8518944
0.43772262
0.37064725
0.8738916
0.856853
0.8603278
0.479102
0.18463387
0.72987205
0.7270448
0.089746095
0.06377398
0.07616927
0.10661981
0.8207122
0.8444024
0.73054516
0.6661792
0.653422
0.64751536
0.6624556
0.73084664
0.15901242
0.15189324
0.12555861
0.124939315
0.68325585
0.14158268
0.1656447
0.6655427
0.727983
0.72119427
0.37648916
0.49844274
0.8086009
0.37222007
0.5790846
0.1240167
0.13768673
0.26782998
0.80531204
0.18407255
0.38278046
0.9079854
0.9090573
0.43578234
0.26727375
0.1867253
0.6642193
0.055980373
0.04112775
0.05510032
0.7968338
0.8222891
0.86998457
0.8032605
0.75012183
0.7430505
0.07181833
0.056519747
0.06994034
0.6887226
0.1806111
0.33357358
0.37025043
0.90128547
0.8883595
0.21835001
0.20457862
0.83467317
0.7452526
0.67848337
0.65636796
0.73629713
0.8656557
0.90015846
0.9027279
0.8213012
0.6716011
