0.8249969
0.7522805
0.72844726
0.78245854
0.8482888
0.8486313
0.78954935
0.7669065
0.7946486
0.8381322
0.23046859
0.13229118
0.123123564
0.13332954
0.16034336
0.22705105
0.74373204
0.838721
0.8641702
0.8767411
0.8456467
0.73126835
0.6839288
0.66669166
0.6632773
0.36597425
0.2338845
0.19860163
0.25426066
0.3537518
0.8504141
0.8508437
0.82144636
0.83968955
0.8104711
0.7978958
0.7469951
0.74909055
0.7957631
0.8396874
0.8245211
0.71226
0.6408496
0.6052913
0.21399394
0.20354724
0.68046355
0.11163029
0.090943225
0.08452437
0.0725575
0.06616205
0.060179126
0.054864123
0.06076202
0.06104428
0.05788696
0.060350876
0.07197928
0.055461086
0.051197004
0.058945403
0.086957805
0.24032834
0.92377037
0.073990755
0.033720747
0.03162276
0.07740466
0.9162218
0.91792506
0.90384334
0.86909056
0.85239315
0.056843385
0.031375073
0.032318424
0.055977456
0.82218933
0.0965156
0.040674146
0.028963922
0.024324693
0.02360963
0.050063174
0.71484923
0.73024255
0.7497764
0.731066
0.0843787
0.047373656
0.6808198
0.037908
0.034279477
0.04459525
0.7093782
0.040450834
0.029788475
0.030330308
0.08101073
0.9130636
0.9353835
0.9287442
0.9199135
0.9166308
0.871438
0.04187136
0.026722742
0.03706154
0.09081333
0.87234056
0.102202535
0.06082832
0.063760124
0.822276
0.050427195
0.03390045
0.031721048
0.033338033
0.03584351
0.03961653
0.043397903
0.045472898
0.047971655
0.055983096
0.07703154
0.12835892
0.1404506
0.7374816
0.42989442
0.45026627
0.835297
0.791113
0.8137995
0.86904824
0.8664817
0.8371687
0.7727523
0.7386434
0.7366109
0.7678332
0.80802864
0.80993336
0.7904708
0.74108404
0.72841036
0.3609058
0.34715715
0.27741653
0.26747873
0.35593697
0.58555174
0.5888369
0.64048994
0.6823589
0.6967719
0.69913125
0.6977432
0.68634564
0.6617072
0.6283982
0.25995767
0.22092403
0.17916302
0.18507303
0.16285099
0.1737831
0.7056262
0.80734575
0.7892518
0.8565989
0.85170305
0.7771407
0.79129815
0.88225335
0.9125843
0.9285829
0.93592584
0.9403805
0.9177912
