0.23186754
0.13644938
0.21072112
0.4616234
0.85234964
0.8443716
0.7319633
0.7007255
0.40666926
0.52705026
0.5274893
0.8582817
0.8594799
0.8366715
0.7823991
0.7342811
0.727845
0.74302274
0.7609127
0.7138342
0.75004363
0.84112036
0.45308754
0.29961234
0.21215455
0.12252873
0.102855526
0.09240813
0.092332184
0.09361313
0.10807023
0.06296974
0.059671335
0.080222376
0.07400571
0.08832282
0.08112012
0.16645458
0.91495186
0.91977084
0.861948
0.084292345
0.04912373
0.052430607
0.068866484
0.05924843
0.87744254
0.9143697
0.0497223
0.025418475
0.021697909
0.02258512
0.03490282
0.14545451
0.92559403
0.9113348
0.9078914
0.9299084
0.90639627
0.9014865
0.93302983
0.13190854
0.050283156
0.037187297
0.03402287
0.055118285
0.08658016
0.8660139
0.8835519
0.0917211
0.08675597
0.08646488
0.06418046
0.0998536
0.80563676
0.05087933
0.035801444
0.059392367
0.120785505
0.13851517
0.9428168
0.92654514
0.9007565
0.06474754
0.04653939
0.042269997
0.036550704
0.041983355
0.040870763
0.038013577
0.03599016
0.034199674
0.034069195
0.032058544
0.032575656
0.038444176
0.050110146
0.08374741
0.10850759
0.85192966
0.8593472
0.8918279
0.23103951
0.14500815
0.13377535
0.17372084
0.31835392
0.9001875
0.14603615
0.103736766
0.109036215
0.117998846
0.10067325
0.09558128
0.1404356
0.28704014
0.84072644
0.826996
0.8271532
0.8221536
0.18055123
0.08671734
0.06131077
0.055548944
0.055192444
0.060382247
0.08190607
0.19568527
0.9275953
0.9366004
0.9516124
0.07916206
0.029096413
0.024995666
0.02505198
0.032746956
0.031913973
0.033437617
0.033709712
0.033821486
0.034545448
0.033962443
0.033985104
0.055734385
0.9189129
0.08837603
0.11296816
0.08994425
0.18484113
0.85035485
0.2569048
0.22466226
0.37593606
0.91978323
0.9212819
0.05782093
0.027921619
0.026719404
0.046836365
0.866468
0.87185603
0.88721216
0.902461
0.90610296
0.90953374
0.2638951
0.11022822
0.71204174
0.08116111
0.1283245
0.895917
0.9080235
0.25086856
0.1718403
0.10902011
0.78246206
0.09596511
0.07753696
0.09628437
0.7984822
0.20518003
0.8638711
0.19321367
0.13460204
0.16487527
0.1963743
0.1548332
0.2311036
0.28793496
0.35342756
0.34280434
0.3513255
0.33441815
0.29873854
0.25672936
0.7949046
0.742475
0.75977135
0.81043136
0.8745958
0.89024824
0.86720175
0.87584686
0.87931776
0.12551433
0.100942954
0.09156078
0.09371752
0.10298975
0.105734296
0.10487229
0.79947287
0.8230358
0.81183237
0.8799623
0.8716595
0.7882528
0.77376276
0.8199631
0.8947463
0.9156136
0.9237142
0.92485327
0.93234
0.9322616
0.92329186
0.8961118
0.8747753
0.87451684
0.8892737
0.8913106
0.9185902
0.9268537
0.9255428
0.9157567
0.89777005
0.3108378
0.097639166
0.09622872
0.10608107
0.09854027
0.09770287
0.14110808
0.27952537
0.8417189
0.8792763
0.91083634
0.9156414
0.91161686
0.8890938
0.88281846
0.84114164
0.8162464
0.116135
0.0676905
0.048005696
0.03748475
0.03834828
0.043353785
0.05353077
0.094836734
0.9065914
0.8893221
0.9025256
0.91917306
0.9152802
0.8923368
0.8661865
0.83931494
0.8249555
0.82092637
0.8225978
0.852188
0.8559364
0.9011928
0.52184653
0.31014416
0.22016032
0.19438055
0.14619596
0.1233484
0.1173217
0.08526388
0.07979922
0.117057465
0.16170433
0.8232621
0.7631195
0.733037
0.76996183
0.8349778
0.83451766
0.85818684
0.91629016
0.92670524
0.9246539
0.90460604
0.84264785
0.8328125
0.89571744
0.9055229
0.11768888
0.09014057
0.15998021
0.16119196
0.121497676
0.88502914
0.8009094
0.044266086
0.031166552
0.029094744
0.03844436
0.042571735
0.04620904
0.06709456
0.9210835
0.10727553
0.045703974
0.03466897
0.047605194
0.047866356
0.042551752
0.14874373
0.9184453
0.9267572
0.94012696
0.9450848
0.9331035
0.10484567
0.046282712
0.031388495
0.029185405
0.033263944
0.0538941
0.10152834
0.9014474
0.93597496
0.13987988
0.079609126
0.043326207
0.037048027
0.042910345
0.06843908
0.07440109
0.8924922
0.067709684
0.04920087
0.04417415
0.046539325
0.06242864
0.8720754
0.8086222
0.82636255
0.74515384
0.687935
0.68444407
0.7225701
0.043805223
0.031661592
0.038664147
0.8114923
0.084710315
0.046593532
0.06320792
0.055399407
0.06069328
0.1906221
0.9342954
0.9442526
0.9366321
0.9382541
0.9332153
0.9235645
0.92819726
0.06598812
0.03807176
0.035125587
0.04307941
0.06871649
0.19134219
0.83259284
0.7681285
0.078563884
0.05920959
0.057739172
0.069450624
0.08298207
0.08476233
0.09560121
0.12007021
0.15227818
0.21745831
0.22611412
0.22891712
0.15630545
0.095770635
0.060151156
0.046288524
0.047099773
0.050679527
0.06965027
0.10946822
0.14918384
0.87636256
0.898415
0.87549025
0.89047796
0.84196883
0.84702945
0.10119296
0.052920736
0.06561051
0.06371057
0.06050502
0.05464009
0.04655414
0.04766922
0.060403936
0.8501273
0.8888201
0.13659303
0.26468456
0.2806234
0.323985
0.84895813
0.13935396
0.17439498
0.82392
0.833358
0.22724271
0.10217102
0.055848606
0.047916025
0.068443276
0.8238446
0.8382813
0.8534325
0.8723477
0.8882463
0.13511078
0.07734567
0.067103565
0.086026005
0.16427863
0.8444862
0.79413486
0.7599068
0.7389499
0.74716014
0.29232734
0.19781345
0.756289
0.1848836
0.15048233
0.1310872
0.120612524
0.7812869
0.7966338
0.0884784
0.09414903
0.07484192
0.07492873
0.066280946
0.08153882
0.08492099
0.09876907
0.1394118
0.94070035
0.93718845
0.9104929
0.8950676
0.9211404
0.9034573
0.88686043
0.047517765
0.039077546
0.04587723
0.06254854
0.12638226
0.1531016
0.16002022
0.18067238
0.15322798
0.83955026
0.7865253
0.7920138
0.79998153
0.80344963
0.78927535
0.08648371
0.0829916
0.8708996
0.08085544
0.056816317
0.053311586
0.08787776
0.85480726
0.2137243
0.057587747
0.03587371
0.0283132
0.025536014
0.029804824
0.08237009
0.9256767
0.14343314
0.15560456
0.11059679
0.07814174
0.07279957
0.3066224
0.9190292
0.91884106
0.9073612
0.8897111
0.093209386
0.040793262
0.03155171
0.038435385
0.050825633
0.067132965
0.8434067
0.13015375
0.07044868
0.06401787
0.11331951
0.783775
0.05707417
0.026184425
0.023833847
0.022730453
0.024156004
0.031433497
0.04835125
0.08079569
0.9073624
0.87646216
0.85492986
0.040583782
0.02661522
0.022347908
0.026060497
0.044488426
0.060119025
0.07855059
0.10683816
0.9083409
0.93864125
0.9436039
0.9327213
0.9160223
0.91369575
0.8621386
0.044019688
0.05576427
0.04548456
0.0387568
0.032088123
0.025909109
0.03822633
0.94187826
0.9469877
0.92622787
0.06111512
0.040402003
0.045440864
0.06335981
0.06985934
0.05182188
0.03932952
0.03674047
0.04446915
0.10508155
0.85808015
0.32201642
0.2616261
0.22968139
0.14754649
0.13640897
0.18996923
0.65047616
0.71767
0.7826645
0.74760264
0.62258065
0.4814816
0.22282414
0.26446858
0.34052855
0.33248666
0.31221527
0.26979667
0.5788401
0.41101423
0.33556122
0.3512242
0.6651928
0.71760213
0.68438745
0.74349636
0.70360106
0.7830118
0.7630415
0.84921235
0.87212485
0.80583316
0.08741906
0.070413105
0.069849834
0.07160686
0.07736773
0.093415186
0.8400612
0.8639009
0.805632
0.26908523
0.21057752
0.18197656
0.22004056
0.20966116
0.15654588
0.7520129
0.84174496
0.8353859
0.4783276
0.39841175
0.38567027
0.3338676
0.27485684
0.22985274
0.7989468
0.7105951
0.6772033
0.6391222
0.6828165
0.77264947
0.8396707
0.8049241
0.72234
0.31062126
0.39587486
0.43628466
0.3964487
0.38023198
0.41206425
0.7951984
0.8270545
0.79760927
0.75757277
0.34012848
0.28601024
0.2316847
0.53119904
0.6458367
0.71490836
0.6528689
0.18834433
0.13197967
0.13543402
0.18552345
0.9143529
0.94367975
0.93499094
0.89289916
0.8632578
0.80404633
