0.8925397
0.8123005
0.7253199
0.21950771
0.23391804
0.7979134
0.3664615
0.3817567
0.8615379
0.8438257
0.143895
0.09330419
0.10926662
0.6817795
0.15018927
0.22835045
0.19999851
0.73842233
0.07504499
0.05566029
0.076385416
0.8090963
0.874271
0.8804319
0.898481
0.9130382
0.89550453
0.8240857
0.777379
0.06651378
0.04734179
0.06871387
0.8136926
0.26417553
0.1263565
0.09463474
0.10322316
0.07504486
0.07974935
0.7411887
0.2231397
0.06779262
0.05931704
0.068446696
0.6763705
0.060662717
0.039408565
0.03477962
0.03670363
0.061444994
0.12561193
0.94362754
0.9431263
0.26429543
0.20830102
0.098714076
0.76064444
0.04116101
0.029963227
0.028825613
0.033180885
0.061399233
0.886821
0.8643936
0.826892
0.056140862
0.032067973
0.026682999
0.029797627
0.058745746
0.8026175
0.82974595
0.1349672
0.13316329
0.20855623
0.8814239
0.9420294
0.104848325
0.06295412
0.03809551
0.030937074
0.028122222
0.02777547
0.027171055
0.032800414
0.042548902
0.08064874
0.8067326
0.87077504
0.26428244
0.05884009
0.052728042
0.0719883
0.8857589
0.82733995
0.2358338
0.5127361
0.9307717
0.9214824
0.10895262
0.052238524
0.041359443
0.040634703
0.05735535
0.79279953
0.80260366
0.8140695
0.10118902
0.09302622
0.038510166
0.035641585
0.07089458
0.8773012
0.9149202
0.27705386
0.096824154
0.7426447
0.03464861
0.023972426
0.03187302
0.108341075
0.9274809
0.9176788
0.084859684
0.06275895
0.8572014
0.85159636
0.87687075
0.912593
0.14264964
0.13501349
0.87552893
0.07099482
0.03621028
0.035204176
0.048371244
0.7454856
0.11603524
0.18999675
0.88849723
0.06430657
0.03511111
0.03680597
0.07647994
0.20547783
0.9494948
0.9480278
0.9002103
0.08410326
0.05889572
0.054731295
0.06420866
0.0993022
0.74073774
0.81277794
0.36289886
0.27021796
0.62280494
0.5398062
0.086177774
0.088944055
0.1305772
0.26163247
0.8705682
0.81738573
0.6405006
0.57535815
0.56510144
0.6094953
0.6922327
0.8140274
0.83310646
0.3948611
0.5230166
0.7635249
0.27169636
0.29521316
0.8197681
0.89828986
0.8951681
0.83518016
