0.92833626
0.9479704
0.94613755
0.9394649
0.9137825
0.8947906
0.8546186
0.8866026
0.24997747
0.15755276
0.10151848
0.08173204
0.10196869
0.754202
0.7458681
0.778414
0.80768925
0.19901292
0.104967065
0.09385237
0.09879484
0.11202393
0.07814409
0.08648465
0.08838498
0.08524989
0.09252854
0.7935119
0.84731054
0.8808421
0.8866776
0.87822044
0.83074254
0.053081818
0.033953954
0.03732628
0.048691895
0.0837213
0.9126662
0.9070756
0.9397352
0.9404355
0.8754352
0.7465365
0.04575179
0.04993746
0.106961206
0.92704695
0.93212366
0.12271308
0.05178917
0.03587037
0.029838143
0.03359922
0.061324622
0.8787763
0.8999653
0.9391234
0.9411334
0.9245259
0.09023084
0.04113623
0.036328364
0.04540791
0.07588693
0.23265737
0.8647547
0.27400047
0.20344234
0.2146726
0.58578855
0.6060356
0.6398319
0.67388004
0.7737982
0.46240053
0.22357325
0.18813665
0.6291985
0.12796924
0.15571153
0.30744955
0.91769254
0.27891558
0.087289035
0.059845246
0.053058695
0.05664549
0.09778548
0.8483501
0.09988097
0.0901057
0.72470295
0.18353575
0.712089
0.07528727
0.054635864
0.046901625
0.046961837
0.08474632
0.8140114
0.8307964
0.8433711
0.87644523
0.8615337
0.85100764
0.87302285
0.8454459
0.048453968
0.032178927
0.047491014
0.91863376
0.053732812
0.027231213
0.022563333
0.037052423
0.8815241
0.8850496
0.89084953
0.8759718
0.8404326
0.8455083
0.036900803
0.0218233
0.026034888
0.03979904
0.8070886
0.916763
0.9173701
0.1253528
0.06018135
0.054978106
0.7342818
0.060538746
0.03737792
0.035691343
0.046103314
0.09363299
0.87242955
0.27385843
0.8631255
0.10745291
0.10577776
0.76161116
0.88012034
0.10978776
0.06734485
0.09178168
0.07591904
0.844387
0.8398514
0.8835049
0.9405953
0.9405678
0.08239159
0.05194028
0.0650692
0.12263383
0.86956656
0.9135438
0.9089114
0.85922545
0.83531237
0.7266399
0.08850951
0.07912795
0.07463953
0.08045016
0.10571529
0.16089869
0.65004456
0.21553962
0.25721797
0.39707795
0.7964091
0.75300074
0.8071427
0.8027913
0.81205785
0.7231695
0.6916613
0.18712282
0.15821277
0.2835303
0.9232319
0.9277771
0.80256796
