0.20589794
0.12176148
0.17209475
0.21833146
0.30938864
0.8118103
0.86861163
0.8468041
0.76475734
0.757155
0.15294889
0.100638285
0.094316244
0.086283155
0.093012474
0.14290214
0.20552322
0.7353865
0.25442395
0.21260157
0.17911316
0.093541674
0.07335268
0.08978936
0.7489066
0.76415557
0.20292337
0.12937327
0.26602885
0.7787571
0.7594306
0.7811084
0.79799783
0.06157177
0.03574654
0.034738157
0.042662166
0.08210376
0.07555121
0.04468668
0.054522764
0.817951
0.837341
0.8740451
0.9097164
0.8793118
0.8409495
0.81437135
0.8263618
0.077622496
0.06290671
0.05665713
0.050820574
0.04557998
0.04036654
0.045098837
0.071476825
0.8189568
0.79210013
0.79685724
0.1770462
0.16591536
0.30481905
0.8241314
0.7932108
0.07581557
0.056801487
0.06653142
0.09856378
0.14415586
0.18050633
0.78707814
0.76916325
0.88739836
0.9148158
0.80115587
0.04007656
0.03183963
0.03680096
0.06330942
0.8761071
0.09069653
0.09279
0.8726513
0.10938622
0.09371011
0.22443296
0.8065417
0.7776766
0.7648334
0.7779727
0.04922499
0.041227777
0.051481307
0.07866031
0.05163512
0.05932226
0.7719387
0.09686749
0.04769698
0.08089758
0.83129436
0.053240914
0.029179629
0.046445087
0.27490214
0.9335808
0.9458055
0.92816085
0.1000041
0.03752296
0.030488528
0.053351827
0.78260934
0.071370386
0.062484242
0.14676099
0.83547693
0.8640945
0.9109258
0.06928044
0.045723535
0.04800415
0.05605785
0.04387303
0.05541961
0.773367
0.736729
0.7012949
0.731465
0.13036315
0.11459249
0.15647921
0.8582107
0.8413727
0.84581697
0.17030555
0.09443115
0.6804174
0.060739327
0.048715957
0.05158506
0.09138019
0.80634505
0.8916705
0.50156295
0.33413044
0.1818431
0.15821023
0.2235865
0.16707185
0.15546758
0.186166
0.21882837
0.12933753
0.1058509
0.1261932
0.8173469
0.9128716
0.89884233
0.85916597
0.7616759
0.7323905
0.7574143
0.642416
0.5666122
0.59494954
0.7654488
0.75474614
0.8673067
0.35343656
0.6587176
0.8887577
0.102814056
0.08025287
0.09308078
0.2038787
0.35438535
0.8048364
0.7455332
0.7056624
0.72052634
0.15586138
0.097114764
0.078549385
0.07685412
0.11135572
0.5251473
0.2533339
0.20007409
