0.9170592
0.8708992
0.8488065
0.8656613
0.8205925
0.43612626
0.663007
0.22795276
0.2426405
0.6505969
0.71304655
0.6181082
0.61076707
0.64350146
0.7431914
0.72818714
0.266527
0.17818451
0.53634745
0.41227156
0.6704991
0.4744421
0.36437848
0.22690718
0.19486536
0.1527148
0.14337896
0.1613699
0.22931078
0.8511171
0.86947995
0.84338033
0.74686474
0.66734934
0.65169525
0.68976706
0.80614805
0.82924026
0.8068103
0.70495445
0.6085222
0.59570944
0.6035297
0.2394858
0.21260391
0.5821404
0.6509631
0.1526858
0.109012075
0.08735886
0.08917894
0.12185141
0.66247815
0.6254591
0.6790575
0.09890058
0.068803236
0.08904031
0.12182434
0.15647428
0.6504048
0.5811505
0.31728205
0.43698573
0.7910638
0.45203695
0.31544137
0.23690192
0.1534216
0.08965963
0.11520971
0.8666477
0.12089762
0.13439791
0.0856957
0.08941618
0.16552503
0.75975615
0.11224465
0.09921554
0.114971176
0.116598524
0.09368566
0.06090011
0.04656085
0.045390118
0.08434938
0.88996416
0.060947485
0.04508209
0.03718187
0.0331416
0.03042339
0.0296836
0.03195035
0.036419097
0.0441025
0.07780879
0.12314827
0.1498576
0.32096377
0.9085033
0.90497285
0.84787464
0.1726043
0.103519864
0.06680222
0.11512879
0.8191324
0.80906194
0.86572367
0.91406214
0.9134888
0.8810564
0.17461942
0.13394016
0.19472764
0.21485916
0.79842883
0.7741632
0.78813946
0.76561385
0.20160583
0.14831762
0.2563884
0.8547777
0.8956057
0.07332137
0.032060247
0.027425395
0.053169817
0.90064126
0.94131345
0.9406012
0.94273293
0.28115174
0.08012056
0.042590264
0.04635954
0.83831525
0.8658345
0.06279996
0.041023135
0.045648295
0.045439217
0.040536743
0.043812845
0.050313722
0.032379996
0.02803818
0.03194059
0.043646246
0.8159985
0.08186531
0.074790694
0.12769984
0.9034845
0.06468091
0.031167228
0.026655866
0.024606155
0.031854834
0.059173863
0.8095088
0.6955105
0.7233606
0.822006
0.3099768
0.29339057
0.2743419
0.2208801
0.14120755
0.120949134
0.11111399
0.11900181
0.16138011
0.23154889
0.6637688
0.63474756
0.32582274
0.20980656
0.21988921
0.28383723
0.24327718
0.28058493
0.6042902
0.30327058
0.3151295
0.20516579
0.18502061
0.18630871
0.18979532
0.22452219
0.25061223
0.65931153
0.6318672
0.64493424
0.6825773
