0.910318
0.8899399
0.8212637
0.3314702
0.3777177
0.2973186
0.15423174
0.12077279
0.13505724
0.6650929
0.7021111
0.58931065
0.5558457
0.586919
0.15189774
0.1696905
0.21698318
0.17845574
0.67646205
0.6740537
0.74212855
0.8276696
0.8705811
0.867409
0.8306852
0.81173754
0.28245047
0.81258464
0.21778274
0.15256603
0.1700569
0.8500218
0.86122924
0.768455
0.071874745
0.064693205
0.081328824
0.20090356
0.76687866
0.11107513
0.06906501
0.05068567
0.038870607
0.041583184
0.11630562
0.9162087
0.9189548
0.9408457
0.9260965
0.1657829
0.07355918
0.06238125
0.08349555
0.8567749
0.10137201
0.0738908
0.75070673
0.07725744
0.059430618
0.08126894
0.19513375
0.7992411
0.7178438
0.2452214
0.6938015
0.058303386
0.040446553
0.040476903
0.051719178
0.084913194
0.24264698
0.9313643
0.9112231
0.85717803
0.05517001
0.038430434
0.040818214
0.060212135
0.09271321
0.109154776
0.71023417
0.26253015
0.8306872
0.8830686
0.06104859
0.049847517
0.08106929
0.2305158
0.8400379
0.060808517
0.056992207
0.054654926
0.05332804
0.0865726
0.069626875
0.046269666
0.044649597
0.05306078
0.69614875
0.065105945
0.083793
0.82113475
0.9055611
0.24359612
0.24029358
0.10391891
0.7483525
0.034653906
0.018996045
0.01464556
0.01639548
0.0482391
0.9568443
0.9814797
0.98180133
0.97487235
0.030438107
0.013821195
0.012347952
0.01616476
0.042680766
0.8940986
0.26001152
0.26451823
0.33564392
0.92365634
0.89687663
0.89174885
0.10491289
0.07645311
0.7749356
0.16956198
0.8437408
0.8607896
0.90683764
0.91800284
0.88793945
0.10968474
0.06635476
0.1382858
0.79811823
0.09469851
0.053283487
0.038894594
0.040248405
0.03733005
0.038318247
0.07026045
0.9327327
0.92706615
0.92692745
0.89192915
0.06345612
0.038870234
0.041542552
0.052529648
0.075670585
0.11919387
0.25242013
0.8397782
0.8271762
0.15426038
0.10981247
0.1498546
0.855989
0.9002844
0.90627193
0.89088356
0.8599013
0.8793413
0.8574277
0.86177796
0.8778416
0.8887814
0.845252
0.7792324
0.0853138
0.05935776
0.06032407
0.07883044
0.10869968
0.18668664
0.25195217
0.23916648
0.8194652
0.21002868
0.13893995
0.12773852
0.15929784
0.59729075
0.72682285
0.62440836
0.1800207
0.12930441
0.12887192
0.1510434
0.17830352
0.21378352
0.7598908
0.826372
