0.7719455
0.60091126
0.61383706
0.8827065
0.82900214
0.12110692
0.10098228
0.09851189
0.08681836
0.07616961
0.07593159
0.0705924
0.06187093
0.0586831
0.06131033
0.11241692
0.8560252
0.08327256
0.06535547
0.061830275
0.068395525
0.06346816
0.06456861
0.078502156
0.080228515
0.11372144
0.20921679
0.5056931
0.93700147
0.93055904
0.86888206
0.8087113
0.80178714
0.1732688
0.12167256
0.08492709
0.07017276
0.07477624
0.07695464
0.093454115
0.78080595
0.73878396
0.7203474
0.73911476
0.7717459
0.83654577
0.8158096
0.82821584
0.88724345
0.89358646
0.17007627
0.08125338
0.08162899
0.11312989
0.8416504
0.86004454
0.82090175
0.7915459
0.7892001
0.10453576
0.0886762
0.08789474
0.1317763
0.79027694
0.6859079
0.68577355
0.7816105
0.88926506
0.338881
0.12743479
0.10619337
0.7880338
0.90020394
0.91716665
0.12800214
0.04177928
0.03482139
0.041010667
0.05368958
0.06624654
0.119210035
0.91756034
0.15286799
0.0830214
0.065606765
0.083815865
0.13358104
0.12392008
0.8808106
0.8303518
0.7742422
0.06937664
0.073575094
0.13833097
0.8834587
0.88784724
0.8955369
0.8579976
0.81654304
0.8569577
0.92396986
0.94009364
0.9299843
0.10350931
0.10833262
0.11766039
0.93064034
0.93725955
0.0754095
0.05352942
0.0567283
0.04540396
0.04937539
0.06052104
0.8570439
0.85663116
0.80885583
0.8087107
0.81204236
0.8258693
0.20049667
0.1265399
0.13342094
0.12746906
0.09955345
0.11554243
0.23710993
0.870373
0.12928629
0.09589859
0.13501813
0.7720591
0.7863974
0.7805333
0.7791678
0.77395386
0.76759046
0.7672059
0.7036262
0.17063843
0.12653081
0.10341677
0.10811423
0.14180374
0.25970212
0.39617798
0.3994263
0.40085253
0.3990724
0.29360285
0.28037664
0.72626066
0.7922828
0.7833653
0.57604086
0.2220629
0.1981184
0.18130572
0.56629026
0.6099493
0.3729331
0.29869977
0.40117717
0.7375734
0.6919563
0.685733
0.71876025
0.7514259
0.7749187
0.7945502
0.7699082
0.7496446
0.77274317
0.71299446
0.7209754
0.77547705
0.8795302
0.9031739
0.9189614
0.9292784
0.9318791
0.92429066
0.920796
0.904098
0.85718083
0.85983676
0.13473104
0.21578059
0.19942065
0.857452
0.1806938
0.10802656
0.124580085
0.68994164
0.66007936
0.7421616
0.831643
0.45067835
0.34492296
0.37611225
0.6071789
0.64803535
0.69469744
0.13970567
0.13165727
0.13015456
