0.80947673
0.7532066
0.72484565
0.7362572
0.77238697
0.81455076
0.775807
0.7566738
0.15217735
0.08010369
0.062541045
0.053306773
0.053274684
0.05472748
0.07989253
0.16454494
0.15981926
0.25859767
0.90805453
0.8650356
0.08822975
0.060718812
0.07028689
0.05600578
0.06405727
0.058319934
0.05051776
0.06374111
0.11435515
0.9206108
0.93356544
0.91889733
0.87722576
0.84860086
0.8429211
0.044180527
0.022386504
0.017417151
0.015119618
0.014780615
0.02844766
0.9245175
0.9469026
0.9663752
0.97377384
0.9655403
0.94527143
0.02432053
0.014047931
0.015264388
0.019732114
0.023287091
0.05247976
0.94429505
0.9367581
0.8893349
0.043290425
0.032247607
0.032189798
0.040748786
0.03976052
0.037250005
0.04044885
0.048658248
0.12863982
0.9348149
0.93677527
0.8799993
0.07657148
0.050800297
0.045056842
0.047986437
0.06798015
0.08826348
0.075649455
0.07475045
0.08120501
0.09001219
0.6601419
0.15837839
0.13269243
0.14369349
0.18787444
0.13975674
0.084868185
0.07404685
0.09162589
0.86988014
0.79195094
0.11342418
0.086606205
0.115999945
0.31737214
0.9154595
0.89986545
0.09655927
0.058414552
0.05853549
0.8136846
0.9179894
0.93982726
0.13001736
0.041124474
0.025085827
0.0209616
0.021296075
0.022836868
0.026025454
0.029869601
0.040566456
0.12984653
0.9196965
0.8766667
0.47501346
0.7875077
0.17082262
0.8466467
0.8942591
0.92712504
0.9376588
0.92791533
0.8850439
0.8205039
0.12925185
0.8369406
0.18490043
0.91939026
0.92438895
0.10243147
0.060679484
0.051966783
0.038200106
0.033568084
0.038364023
0.034320306
0.034431644
0.04476243
0.051663335
0.9062931
0.9359228
0.929079
0.16284561
0.14432046
0.08553447
0.7390406
0.0798165
0.071347065
0.083040625
0.735234
0.061756298
0.067852594
0.90330803
0.95177543
0.94362444
0.89577925
0.08042208
0.07026945
0.7854519
0.15019752
0.078519315
0.07415843
0.076687306
0.069007784
0.06159575
0.07836156
0.7725479
0.6833363
0.06157431
0.05340523
0.07293347
0.21223229
0.88589853
0.2613729
0.25322238
0.15623705
0.15435955
0.71377
0.7821382
0.727664
0.048059277
0.04081117
0.05697317
0.098951176
0.91263044
0.8801302
0.15607712
0.04111343
0.02619781
0.030529667
0.91026264
0.9537131
0.9563919
0.94689447
0.05627987
0.040250365
0.04165923
0.0576372
0.731708
0.6615831
0.67255414
0.1352056
0.15058343
0.13444175
0.21801604
0.9142831
0.9353326
0.9105092
0.8689685
0.8557442
