0.9403776
0.1290767
0.04250297
0.033811625
0.03162947
0.036137227
0.06897792
0.9058878
0.89206254
0.9237685
0.06696202
0.04423097
0.043133948
0.046811868
0.038237147
0.038395833
0.06414943
0.85878533
0.8873231
0.85544455
0.85587955
0.8680995
0.9003564
0.88470274
0.07511761
0.05253118
0.041264698
0.045279834
0.051445913
0.039078444
0.04483937
0.85423934
0.8943428
0.9127089
0.8698322
0.85342985
0.10527986
0.03342214
0.022568023
0.023082945
0.035969205
0.87810415
0.9404333
0.95255303
0.15831655
0.027745392
0.015055096
0.012740845
0.019022135
0.9359765
0.9648529
0.9781311
0.974478
0.04044115
0.017130395
0.0163742
0.023716932
0.06587524
0.9115154
0.05505642
0.033510275
0.036394846
0.048928414
0.055291492
0.8361839
0.9035808
0.91990566
0.08879573
0.065966554
0.06663123
0.06849826
0.09383265
0.76024973
0.75692326
0.71994144
0.2054313
0.34564945
0.34320486
0.6736525
0.19620965
0.24273558
0.29419792
0.82050383
0.8838976
0.8823933
0.8153439
0.7838888
0.85533446
0.8451727
0.24974112
0.2094002
0.14424603
0.70120335
0.17864999
0.14641613
0.1299311
0.6892883
0.68037546
0.7448991
0.88338715
0.9301929
0.9292128
0.084750265
0.05395675
0.045776486
0.040629134
0.08219137
0.84968036
0.8649065
0.88700783
0.9252997
0.935641
0.95087457
0.9571244
0.9414874
0.053331252
0.045344174
0.07069892
0.10689463
0.1433525
0.91458577
0.8818477
0.13892181
0.10048913
0.08098275
0.0801354
0.16294852
0.18686245
0.27484936
0.41084826
0.47895268
0.41387817
0.7690949
0.6095421
0.5785804
0.705546
0.84057945
0.830377
0.73721904
0.71772933
0.33317003
0.33788654
0.32366484
0.19836919
0.1322548
0.119159
0.1546635
0.22131594
0.1942456
0.18253022
0.22655444
0.78312707
0.64956045
0.119301476
0.12103686
0.15186965
0.21072437
0.19120616
0.752852
0.74331903
0.76608884
0.81939614
0.74934644
0.7062894
0.353197
0.36535257
0.88628435
0.888499
0.38757998
0.14979859
0.108877614
0.77983224
0.81313664
0.7153409
0.67792743
0.12025073
0.12482624
0.25882384
0.85171205
0.8580277
0.34687227
0.45671916
0.79316664
0.6799445
0.1247168
0.08790709
0.07656732
0.0846958
0.1394662
0.8445322
0.78668207
0.091663085
0.09687208
0.07503202
0.057838183
0.05015672
0.06485103
0.84908056
0.8350985
0.8535233
0.06666253
0.04873017
0.08148591
0.23355857
0.90835446
0.901367
0.8333563
0.75541276
0.7676795
0.8045299
0.8162421
0.77315426
0.091228485
0.05611964
0.05196594
0.055244267
0.06297295
0.070061855
0.07559517
0.09046272
0.110183984
0.1248711
0.795444
0.78904223
0.67752576
0.74217635
0.85774386
0.88564426
0.82697207
0.7738751
0.7258598
