0.22490658
0.15550025
0.21000735
0.2750049
0.25230226
0.69819945
0.21426357
0.20283768
0.24103275
0.6502941
0.74083316
0.6474676
0.7389694
0.84890497
0.842348
0.7551458
0.12664817
0.06642675
0.06398143
0.08248685
0.13743396
0.11252213
0.13523023
0.8739847
0.88429725
0.092691064
0.06915377
0.08738723
0.7513286
0.12741025
0.122201145
0.18849434
0.15277687
0.75463414
0.06876762
0.0441405
0.039400466
0.040197052
0.05461509
0.68434167
0.07530305
0.08708943
0.81782514
0.90916115
0.3123717
0.5285058
0.9439913
0.04291463
0.017647572
0.013415248
0.01271721
0.014228036
0.043645967
0.9647381
0.9819527
0.98188466
0.97470313
0.03910642
0.01860374
0.013354765
0.0133308675
0.01686594
0.03597174
0.8463149
0.35994375
0.61103827
0.9308392
0.9107965
0.90734845
0.13848494
0.08188158
0.79425776
0.15929262
0.8339151
0.78614855
0.77074045
0.83040136
0.7752418
0.7793161
0.036510266
0.022041103
0.019576494
0.01947195
0.020966887
0.02076868
0.017921204
0.015470546
0.0204447
0.941949
0.96189946
0.9620891
0.96295995
0.02853176
0.017223904
0.01628419
0.022016319
0.040715862
0.057519823
0.05411341
0.08194244
0.10891329
0.9334309
0.92714965
0.9435898
0.9483098
0.9299537
0.07259138
0.05508359
0.18049005
0.9065745
0.9343265
0.9117149
0.9347186
0.07232595
0.041343242
0.031144386
0.02944429
0.030326953
0.0395837
0.05225045
0.78478634
0.06995096
0.06533404
0.07211744
0.14347154
0.7954317
0.06679534
0.05267477
0.04983072
0.05165969
0.059887998
0.07397777
0.08839747
0.09393043
0.080418564
0.081907146
0.053767633
0.052162394
0.042807236
0.054870263
0.07185933
0.11655547
0.9142405
0.055280086
0.048069894
0.098651655
0.9357276
0.8986572
0.06552225
0.027149111
0.0148274135
0.010976419
0.010320045
0.010563394
0.012248253
0.021577341
0.9224801
0.95078117
0.9720433
0.97480315
0.9662494
0.94544744
0.92916286
0.023801873
0.019744994
0.024904475
0.03532741
0.036827464
0.04501616
0.07182665
0.075594075
0.038127434
0.029008036
0.036486365
0.82645035
0.8591379
0.7997567
0.14682484
0.15805955
0.105188556
0.08686937
0.10291773
0.1458687
0.71722716
0.7713087
0.2009501
0.14989908
0.16455396
0.59051186
0.14439209
0.12482722
0.1299481
0.1831552
0.22536124
0.83764356
0.775733
0.81450814
0.7066991
0.7174456
0.8398103
0.18734315
0.10961392
0.13016902
0.70286405
0.7227987
0.8010066
0.71991074
0.14168674
0.16740955
0.35343784
0.81865525
0.89599
0.051353708
0.038987227
0.03427863
0.03370927
0.046205632
0.90562314
0.048788853
0.038961943
0.07538082
0.9246058
0.93402535
0.9469313
0.9335388
0.9403315
0.043977484
0.03004218
0.028739093
0.032101367
0.04358222
0.0588912
0.0802842
0.10183753
