0.91187567
0.8699559
0.25158724
0.27521488
0.4567041
0.47544172
0.684305
0.22236966
0.19404997
0.60060346
0.25481135
0.6104576
0.68042326
0.7377814
0.6233118
0.27832305
0.61286765
0.21943407
0.23540762
0.6337709
0.16484116
0.13629887
0.12778687
0.1458271
0.7262161
0.8560442
0.91222197
0.90578306
0.08781617
0.07316967
0.07268519
0.06447865
0.055317238
0.04763354
0.048334554
0.053907555
0.07674345
0.13899311
0.12965278
0.09790098
0.05521843
0.056204673
0.7736895
0.025733497
0.017349306
0.025270512
0.91162
0.94791836
0.9567497
0.93612784
0.038807042
0.020898754
0.018704833
0.019894721
0.023809863
0.033408016
0.04135428
0.04015105
0.040401667
0.07920942
0.9226867
0.9162224
0.11867923
0.07773176
0.07363832
0.8021629
0.15138012
0.085599266
0.082768485
0.101222046
0.753315
0.76998466
0.8890332
0.92731977
0.9248129
0.8870719
0.8057129
0.08397697
0.057351626
0.07353248
0.15856223
0.6925863
0.081910886
0.110168956
0.18721752
0.3209478
0.8967791
0.8911472
0.79467255
0.06871856
0.04679372
0.044761427
0.06589578
0.79727584
0.8980081
0.9126381
0.8557189
0.107064694
0.032214914
0.028744554
0.037363876
0.03480516
0.0385117
0.10086247
0.89231217
0.88803446
0.9137286
0.114249
0.049772106
0.027283203
0.02477304
0.026895057
0.03709746
0.11049571
0.90921366
0.8868879
0.77831346
0.13890739
0.19152388
0.21756765
0.21043687
0.21287294
0.19840045
0.16909508
0.17055649
0.10801039
0.07245854
0.07440631
0.75290036
0.8199774
0.7416232
0.19082513
0.11969877
0.116248
0.7797585
0.8846103
0.8818837
0.13224417
0.07193985
0.06701961
0.81902194
0.91565967
0.9363593
0.15457176
0.05988527
0.038646735
0.03000321
0.031619415
0.028929502
0.025052672
0.023218602
0.022965185
0.037810832
0.9383622
0.030402087
0.019282984
0.03307687
0.90253425
0.91144794
0.9392958
0.9637672
0.96649784
0.9548015
0.913655
0.857398
0.031146757
0.030003218
0.07023814
0.92836595
0.93060505
0.099710725
0.059009682
0.04949167
0.034997623
0.02885259
0.03042156
0.035026528
0.054610997
0.058398824
0.04718361
0.89686424
0.9260992
0.92068595
0.14818648
0.19026619
0.15611821
0.80967534
0.19518362
0.07630811
0.077527
0.7142137
0.04519275
0.04147426
0.9152239
0.9626697
0.96407306
0.9503873
0.096020795
0.074609905
0.84625155
0.09731707
0.04009036
0.032663345
0.029072803
0.035026427
0.056447428
0.7743806
0.7420237
0.8120169
0.13138987
0.13471526
0.29468694
0.8761312
0.29503408
0.25057903
0.1472998
0.14482108
0.6816153
0.7640443
0.07765716
0.059244476
0.080369346
0.8168045
0.8347235
0.87574583
0.82712376
0.77817893
0.719065
0.082295425
0.07640825
0.115229644
0.24358764
0.3379209
0.1944342
0.15113127
0.621771
0.15126425
0.125759
0.14752851
0.25268912
0.8755227
0.7836197
