0.2280106
0.13350798
0.20557116
0.46022773
0.8535429
0.8454105
0.7337642
0.7033808
0.40051427
0.52607954
0.5292326
0.86187786
0.86303836
0.841672
0.78929317
0.7436568
0.7388282
0.7525694
0.7709573
0.72616094
0.7664557
0.84958565
0.42449176
0.27232066
0.19059423
0.10390839
0.07912328
0.06907452
0.06892385
0.071702965
0.08328819
0.05391792
0.052688338
0.06818316
0.0659532
0.077345096
0.073952205
0.15666313
0.91890365
0.9210916
0.8647199
0.08345028
0.044949513
0.04745068
0.06433271
0.057622455
0.8804846
0.91526175
0.045489486
0.024783377
0.021151267
0.02204634
0.033666305
0.14278445
0.9267343
0.91286486
0.9087004
0.93085724
0.90817344
0.9033065
0.93476945
0.1315
0.04976325
0.03679985
0.033614874
0.05451302
0.08541578
0.8677531
0.88512
0.08920543
0.083718345
0.084315464
0.06224329
0.099400945
0.8020286
0.049826518
0.035018273
0.057750467
0.11965203
0.13782206
0.9435566
0.926639
0.8991716
0.06421644
0.047656495
0.043784805
0.038331717
0.04469916
0.044112742
0.042156227
0.04045296
0.038298544
0.039447498
0.038710732
0.040608242
0.046981655
0.05933157
0.096997134
0.12322824
0.83396184
0.8386767
0.87546086
0.25558126
0.14486147
0.14091949
0.19004185
0.3615675
0.9048395
0.090765
0.06446924
0.06994395
0.07485063
0.06834265
0.07307508
0.1296409
0.36394116
0.8754218
0.8657795
0.85905135
0.86899316
0.15871756
0.07832837
0.0556539
0.057691887
0.06363772
0.07342276
0.09395088
0.18698034
0.8803785
0.5806002
0.5265786
0.43038732
0.75093603
0.7132081
0.09365141
0.11438642
0.11152225
0.12973444
0.23933372
0.78501284
0.7711592
0.7702687
0.11932923
0.12088592
0.16020253
0.19245923
0.8628501
0.86764944
0.8902746
0.8939286
0.8887553
0.89036846
0.8968913
0.8880206
0.84985477
0.76195425
0.6970563
0.10492177
0.08597758
0.082229316
0.089301825
0.7710298
0.7888503
0.8080663
0.24907993
0.19440882
0.11190719
0.09397627
0.09380006
0.7725091
0.83110493
0.4504096
0.4494575
0.38243294
0.7046414
0.7022714
0.10523954
0.084495515
0.08604782
0.11760848
0.13432737
0.28881294
0.8579389
0.8251473
0.87412786
0.87067366
0.83163536
0.8635333
0.15383728
0.26073527
0.25059646
0.2335244
0.2340973
0.23038477
0.22053623
0.8219404
0.7712589
0.776967
0.8193938
0.87644625
0.89250624
0.8712209
0.8881868
0.8922226
0.11019287
0.08396192
0.07156106
0.06983014
0.07211089
0.07084978
0.08039368
0.7982256
0.8367012
0.83882374
0.884428
0.87266326
0.82754266
0.13142893
0.11689814
0.1831745
0.24427542
0.87237465
0.28100792
0.49342048
0.92131
0.91922444
0.88831395
0.8692496
0.8709443
0.8871152
0.89139146
0.91701716
0.92585015
0.9310683
0.928827
0.9002089
0.2829986
0.08796661
0.0850561
0.08546816
0.07845828
0.075669885
0.13017255
0.25097424
0.82164735
0.86379963
0.9001342
0.90261465
0.89084965
0.8612857
0.8563509
0.8250375
0.82164407
0.1192924
0.05390083
0.033464856
0.029245412
0.03144488
0.03442874
0.04463932
0.07621264
0.927933
0.91772205
0.92132056
0.9357682
0.9261162
0.8797056
0.8375824
0.80780226
0.34302628
0.22509961
0.26686588
0.8365816
0.8361695
0.89447784
0.9061991
0.89834505
0.85387343
0.45532554
0.36717334
0.399635
0.87396485
0.13691199
0.0933997
0.152373
0.14687146
0.8548006
0.7951525
0.0823773
0.097227775
0.21672882
0.22829658
0.8406451
0.88571054
0.43251738
0.35159007
0.27064896
0.14420258
0.14295585
0.88755816
0.89909387
0.11630741
0.10168231
0.18071622
0.17995422
0.12283484
0.86335653
0.7615985
0.053822473
0.0424257
0.03960356
0.061262406
0.059931066
0.059777703
0.08173585
0.92293936
0.117894374
0.051952668
0.03769844
0.052221414
0.05243771
0.045638252
0.15440544
0.9191067
0.92643106
0.93953985
0.9437231
0.9299713
0.117121264
0.047993515
0.03144234
0.029386815
0.033820197
0.054869667
0.09766368
0.90143335
0.93647337
0.12792501
0.07583722
0.04410092
0.037438255
0.04070175
0.06371041
0.08218817
0.8631241
0.07084878
0.05540346
0.056813046
0.06337758
0.12097133
0.7830668
0.2604774
0.28433317
0.16632554
0.118660726
0.11181151
0.6298392
0.10044804
0.06859669
0.07592276
0.76100296
0.120581076
0.07404615
0.10360202
0.10357871
0.10621837
0.24730596
0.9246987
0.9372554
0.929108
0.9304143
0.9256551
0.91930497
0.92717505
0.07046868
0.037896086
0.0350342
0.044594068
0.06460613
0.1664242
0.7857254
0.6973021
0.13661385
0.11173542
0.13597004
0.10206965
0.11797548
0.106676735
0.10337213
0.096026726
0.12728791
0.8555249
0.863504
0.87854505
0.8383164
0.7834772
0.7222407
0.7009753
0.080948494
0.0541794
0.05751539
0.081635825
0.10988409
0.13720445
0.84273857
0.77943474
0.8071267
0.7284435
0.7769201
0.07844701
0.042288423
0.06131624
0.061692603
0.054699477
0.041975543
0.03443327
0.03595043
0.04940522
0.8638301
0.8903315
0.14077568
0.23923497
0.24720788
0.28486854
0.8601082
0.12710582
0.14802186
0.8525222
0.86406595
0.19642463
0.071796425
0.03325652
0.027706265
0.043805018
0.8757806
0.8849298
0.9018036
0.91856515
0.9224568
0.08965134
0.048166078
0.04118755
0.056400105
0.19487864
0.87492794
0.8242065
0.7835757
0.75841165
0.7757968
0.25063807
0.18775272
0.7929638
0.19594085
0.15488638
0.12721382
0.1232243
0.8259807
0.82242334
0.08454515
0.080484204
0.06805531
0.0715173
0.06692519
0.0814849
0.0835752
0.09599747
0.17435957
0.92181695
0.90850294
0.3702364
0.277504
0.421443
0.7333738
0.7024031
0.69021446
0.68642586
0.25245756
0.31524315
0.54404575
0.8367083
0.85079414
0.8712235
0.16535705
0.17487542
0.15761071
0.8218799
0.8373613
0.07502206
0.043237608
0.03428031
0.03471447
0.048562635
0.04405113
0.0804226
0.8237302
0.8202686
0.83874035
0.8740227
0.80225337
0.70945966
0.031831473
0.021865923
0.025104785
0.08267303
0.9403136
0.15061577
0.15447901
0.10063384
0.064961046
0.05770206
0.27287066
0.92478406
0.92697036
0.9168555
0.90103513
0.07581156
0.034642313
0.02611048
0.029917989
0.04221349
0.0660486
0.8607379
0.119574964
0.04705203
0.040317688
0.06948897
0.87964076
0.85072434
0.061466057
0.04691182
0.047895577
0.051360004
0.063169174
0.09842063
0.07861326
0.0732849
0.082495384
0.09837326
0.71929187
0.6608987
0.12805058
0.12620454
0.2287734
0.27699724
0.3748528
0.80489856
0.7980299
0.85975254
0.8768531
0.8858518
0.87797487
0.84683186
0.054055136
0.057211205
0.06848661
0.06177299
0.055844687
0.04842297
0.0381235
0.05263627
0.9193694
0.92655444
0.8880859
0.10427118
0.07527728
0.12327915
0.20959659
0.25281596
0.18040027
0.119703755
0.11577875
0.53472286
0.5696521
0.64030945
0.7553399
0.7389621
0.6830128
0.28134403
0.22410806
0.24260528
0.33251044
0.49002653
0.73343015
0.573035
0.4063483
0.28991398
0.27236742
0.54348826
0.6461619
0.44723657
0.37134898
0.2987328
0.29314467
0.3404424
0.29544932
0.3465234
0.5813008
0.683435
0.64488256
0.70049435
0.65906966
0.71721107
0.53671783
0.63512087
0.6798727
0.8162596
0.10826374
0.090004034
0.087410204
0.085397184
0.090743594
0.10162419
0.8229795
0.8534285
0.7905826
0.28014946
0.23649158
0.21771118
0.2568317
0.24776165
0.18932208
0.719372
0.8168344
0.80509937
0.44300172
0.38963562
0.38992262
0.3502444
0.29470217
0.25022984
0.76993364
0.6567598
0.6081949
0.56490076
0.59639484
0.68002844
0.800081
0.78772557
0.7081045
0.35960054
0.4420304
0.4890238
0.44303644
0.4203544
0.44358364
0.7837324
0.8171591
0.78825045
0.7462873
0.35804948
0.29991257
0.24208343
0.5231914
0.63921034
0.70930475
0.645465
0.19461972
0.13644902
0.13888924
0.18999444
0.91355866
0.94331014
0.9344105
0.8910454
0.8611915
0.8009841
