0.8902497
0.8043445
0.359285
0.6331094
0.39940983
0.43839684
0.3608011
0.6178549
0.19913132
0.15645108
0.16140275
0.22414377
0.7731513
0.76339823
0.21011928
0.19851875
0.55719763
0.25818446
0.2886963
0.65278596
0.20065716
0.13647062
0.12632622
0.16430308
0.2866635
0.44631964
0.8148796
0.4687891
0.31588832
0.7568181
0.6503393
0.6011664
0.5759583
0.56960195
0.10249163
0.088566884
0.14082396
0.3300387
0.9161214
0.9231376
0.89707226
0.10218784
0.05079369
0.045101427
0.06135513
0.0967858
0.4279355
0.65111756
0.6401893
0.7389798
0.67243886
0.22525813
0.20242862
0.048338614
0.04923488
0.043750677
0.040621657
0.036079127
0.03574513
0.041816417
0.08269491
0.26373744
0.9463441
0.059466355
0.031911764
0.024912003
0.02123894
0.018611543
0.018729307
0.021615684
0.040164795
0.7884412
0.28712946
0.9262004
0.9461142
0.9535023
0.9183786
0.037886012
0.020432547
0.019193403
0.019993836
0.01652159
0.014875614
0.024520146
0.9463223
0.960043
0.97044194
0.9777264
0.97367674
0.04364555
0.016452067
0.01210319
0.013786616
0.016588602
0.025253322
0.058860965
0.92255825
0.889669
0.87596005
0.034372747
0.026943296
0.026481463
0.029021509
0.033716545
0.036966935
0.04752418
0.080727965
0.13797536
0.9382502
0.91761845
0.073974326
0.037370645
0.030644543
0.032092553
0.038229354
0.053379532
0.07735391
0.07770779
0.13282298
0.8707991
0.16401385
0.19992784
0.78573525
0.10421136
0.07456729
0.064169556
0.091120005
0.16155553
0.4446517
0.8252282
0.32310864
0.39337695
0.5675436
0.15564278
0.14793053
0.6374084
0.73943305
0.09740678
0.0969692
0.1415857
0.82217455
0.9203862
0.9363477
0.17538895
0.07115542
0.05282206
0.041399676
0.0329827
0.029907541
0.025891965
0.024207627
0.027666561
0.04929452
0.94252455
0.028576229
0.019549195
0.033944044
0.90152735
0.9085149
0.93332464
0.9600472
0.96305627
0.950442
0.9125018
0.85294235
0.029312456
0.027455173
0.045688488
0.9186365
0.91485846
0.15945189
0.10463304
0.09845326
0.061700013
0.046565995
0.04324621
0.047713872
0.06542673
0.10835929
0.113251016
0.8705434
0.9121775
0.89402634
0.290436
0.31734407
0.22571248
0.76834995
0.8672531
0.86046696
0.7184511
0.5768198
0.082192324
0.09008647
0.79436374
0.87220114
0.86018276
0.7715012
0.15838057
0.18903193
0.7377629
0.16982459
0.12065269
0.11846186
0.12422245
0.6146692
0.16115065
0.16028361
0.14463955
0.68961126
0.19850762
0.7450148
0.64173156
0.62738997
0.6692441
0.75111145
0.8629224
0.15799773
0.16292836
0.8426249
0.21662103
0.11504863
0.08355224
0.082806066
0.12689528
0.8047349
0.8357932
0.3325359
0.6407791
0.61355793
0.6409446
0.630833
0.25993928
0.71209
0.8476751
0.8740177
0.4076381
0.1744065
0.10134363
0.09476175
0.12660788
0.55890834
0.15220454
0.18893301
0.68117934
