0.80458516
0.7722481
0.11896452
0.09840214
0.11093085
0.19682582
0.36172915
0.8974691
0.8994254
0.8644946
0.7379301
0.7394138
0.8289816
0.22524728
0.09928569
0.06840574
0.06427954
0.09522164
0.76468647
0.7673185
0.80265313
0.8439976
0.78168
0.14330989
0.12358303
0.15446219
0.19615671
0.31678337
0.12591161
0.13631232
0.12839873
0.111373894
0.09685394
0.08839847
0.09369897
0.11052736
0.8778828
0.8944966
0.83912414
0.8467618
0.8915833
0.10385611
0.06574368
0.058783416
0.06231341
0.052612253
0.052858144
0.052252814
0.06730645
0.13647588
0.27558887
0.22964549
0.5901263
0.09149863
0.118519835
0.80105203
0.89094263
0.8688676
0.75845456
0.14915933
0.2073969
0.85830086
0.8635639
0.37975046
0.1844721
0.14801508
0.7081017
0.68981487
0.74644214
0.88074434
0.91964316
0.9232417
0.8531824
0.11488401
0.09362539
0.09341336
0.09236447
0.092202425
0.09051944
0.091551706
0.108097434
0.16352043
0.61155015
0.554936
0.61513346
0.7423418
0.4914296
0.4375059
0.44623792
0.74461484
0.6138226
0.62356555
0.13468616
0.11697668
0.10945699
0.1171436
0.1468287
0.24181071
0.22457498
0.11969721
0.081470534
0.092397116
0.7363275
0.78827393
0.854129
0.3787487
0.29092506
0.20778947
0.21455441
0.24985513
0.87301105
0.8907027
0.8851204
0.78981525
0.085521504
0.123558305
0.11670314
0.08255387
0.055047333
0.042785008
0.037793856
0.03898912
0.07550785
0.7818218
0.75206405
0.24525774
0.8014243
0.25776246
0.08085709
0.091294795
0.9047313
0.087836616
0.068812795
0.109547876
0.15312704
0.9399727
0.9442412
0.92585427
0.8948322
0.801745
0.06980391
0.05539845
0.059660155
0.10028061
0.85163665
0.7901047
0.10307164
0.087584265
0.10321708
0.6894922
0.13443556
0.02630773
0.03562619
0.062285542
0.0969449
0.15250014
0.943786
0.936087
0.89620376
0.84846646
0.054217722
0.030982291
0.032640256
0.03371695
0.07199653
0.8806206
0.9369522
0.93073916
0.052491095
0.027430711
0.022674525
0.02153465
0.03639819
0.8601684
0.91628766
0.9159217
0.39414617
0.24388814
0.1628098
0.15414391
0.8658141
0.23712473
0.09559588
0.12906279
0.76520854
0.784271
0.84726447
0.79393035
0.09605387
0.12598631
0.24239665
0.8103736
0.88153124
0.0439877
0.038953688
0.06767339
0.065724485
0.17937402
0.917456
0.85703677
0.82746685
0.21137334
0.13150927
0.08653888
0.07060045
0.084454946
0.8027086
0.23294872
0.085408956
0.07726736
0.10027259
0.14994301
0.70920426
0.7834941
0.7096847
0.31656015
0.7888567
0.18197829
0.13522564
0.14376359
0.16374551
0.17708607
0.20560057
0.5013633
0.5298928
0.38833392
0.45114568
0.45213354
0.74407715
0.7205168
0.30580115
0.23158535
0.267788
0.52555424
0.63499564
0.58407074
0.39409262
0.27980503
0.206947
0.18584119
0.17860864
0.1918596
0.22851121
0.2518911
0.29767257
0.39909732
0.27912638
0.17234509
0.12507327
0.11803602
0.69706845
0.7550088
0.8123364
0.79641455
0.8063462
