0.915268
0.85324347
0.8031456
0.8182922
0.75866914
0.8106711
0.8993717
0.9082965
0.18513481
0.078768544
0.065151736
0.05848453
0.057960495
0.062304124
0.08126223
0.76538074
0.0759409
0.04646861
0.036964234
0.038219914
0.08326804
0.86886066
0.8961576
0.926521
0.94740564
0.94735974
0.9232983
0.9202181
0.08911107
0.06431389
0.044686254
0.043376748
0.08092532
0.9129196
0.9091924
0.1279305
0.08422467
0.07676196
0.80206573
0.1351617
0.06606954
0.062905364
0.08791333
0.80890447
0.90022904
0.9197851
0.926531
0.85213894
0.08633074
0.06737184
0.07566166
0.09528915
0.6000633
0.15413935
0.112950675
0.09756403
0.094011314
0.09631608
0.12504369
0.18661217
0.29971582
0.7175325
0.68232125
0.6484082
0.30553317
0.73818356
0.23977162
0.5663761
0.6081273
0.108248524
0.09321066
0.7425086
0.8658581
0.330117
0.124936916
0.10146511
0.68203753
0.109643444
0.12209135
0.82271665
0.8823678
0.85075945
0.84741706
0.8795775
0.36118457
0.24657844
0.84229475
0.11331561
0.06918865
0.0747802
0.81117034
0.85926026
0.17509174
0.14961103
0.9238173
0.92220324
0.09388464
0.047317427
0.03672839
0.029704569
0.026453892
0.027375605
0.04924412
0.81893545
0.8601006
0.8889808
0.8334517
0.77980375
0.04824854
0.025011767
0.024437916
0.028347721
0.044040635
0.8147534
0.9097074
0.24002567
0.24475102
0.11116886
0.8135866
0.051551946
0.0237661
0.015139043
0.015827272
0.039161988
0.95150703
0.97754914
0.97910565
0.97413117
0.027286883
0.015918212
0.017322987
0.030277112
0.08951748
0.9112462
0.23508027
0.22992948
0.26855758
0.9225678
0.9160664
0.8965735
0.061511718
0.040590666
0.040747803
0.06263651
0.13164042
0.830954
0.87258315
0.15230612
0.09873522
0.20652725
0.80235165
0.06008162
0.058731146
0.05710244
0.042730507
0.032708824
0.027546145
0.031113287
0.06777371
0.89081764
0.8312959
0.87463146
0.11600096
0.066343114
0.6909336
0.04697586
0.03656484
0.044180885
0.74881554
0.06155451
0.0382326
0.038527776
0.06305343
0.80710244
0.14025004
0.23490228
0.25090826
0.30872336
0.84010196
0.82604015
0.8289579
0.811953
0.23831625
0.1499566
0.09851354
0.08322244
0.7598307
0.07465846
0.059498318
0.09150473
0.19581185
0.74426836
0.11923868
0.12337502
0.8310991
0.226231
0.7757719
0.18890117
0.27290446
0.8260359
0.80547756
0.79748905
0.8257424
0.051371437
0.03511817
0.034415554
0.041297074
0.054933827
0.08732
0.12078166
0.10846136
0.10300773
0.08888136
0.12134118
0.10364782
0.1136227
0.23212862
0.8926172
0.8258185
0.081270844
0.04155221
0.01997772
0.0147791365
0.013145918
0.013315396
0.0153412195
0.025799869
0.903167
0.920834
0.95496595
0.96068454
0.933705
0.8877506
0.8640564
0.88051367
0.036873072
0.030082919
0.036390834
0.04901219
0.050403923
0.06422126
0.11351074
0.1446285
0.08374481
0.065620795
0.06938287
0.7838797
0.816651
0.17462122
0.17220093
0.27811024
0.6294233
0.11724545
0.09845655
0.12387623
0.26478392
0.7133111
