0.31567022
0.21439973
0.124363765
0.12426332
0.09465271
0.8368076
0.92894834
0.92505306
0.096257895
0.05072681
0.047778595
0.04316817
0.040579364
0.041587938
0.067120574
0.8164078
0.052003324
0.028311955
0.02311966
0.025663827
0.06345375
0.9043344
0.9244958
0.94539785
0.9633372
0.96349895
0.9483977
0.94150656
0.06837506
0.039917655
0.031929154
0.032987796
0.06686571
0.91688174
0.91411525
0.12954757
0.0780019
0.071050815
0.80183893
0.15592906
0.07030351
0.06619078
0.09216943
0.79565907
0.8873171
0.9102048
0.9073787
0.8020278
0.095260285
0.06398151
0.061588667
0.0926028
0.80177265
0.8041632
0.7743211
0.14146437
0.10379413
0.12252888
0.22068442
0.3079395
0.24437702
0.18394123
0.15816566
0.19408211
0.7534032
0.638046
0.1236503
0.14268799
0.60136074
0.60652524
0.7421273
0.8281607
0.8003717
0.23619056
0.15637133
0.71577483
0.72614497
0.11683574
0.12191945
0.13983725
0.15257818
0.24051693
0.87528336
0.8878078
0.86742634
0.9068139
0.07795379
0.047762197
0.04951549
0.058008432
0.09439471
0.09998639
0.8359818
0.9123471
0.90744317
0.12259574
0.072336465
0.06517321
0.072210506
0.6100067
0.06994663
0.055349115
0.051902235
0.05447782
0.058998562
0.04564784
0.036686122
0.030331613
0.026350891
0.0243768
0.025307016
0.030517379
0.059577823
0.8232471
0.86824775
0.8144376
0.19912054
0.18626225
0.10481676
0.79799885
0.03990971
0.01896388
0.014087316
0.016145818
0.048605014
0.9556033
0.98132783
0.9808851
0.9728923
0.029810617
0.014436599
0.012615995
0.01625586
0.040995397
0.9003535
0.22195397
0.21630618
0.29074788
0.9340595
0.92989194
0.929109
0.053209823
0.040470976
0.04610816
0.05107833
0.08575861
0.13228293
0.84657454
0.80172706
0.8273445
0.11201408
0.04352922
0.049471818
0.06868165
0.0948504
0.8433435
0.847956
0.85428506
0.8873918
0.18213539
0.23022337
0.18096137
0.9118958
0.89388686
0.8586895
0.8348087
0.055283368
0.032407783
0.028771931
0.032287408
0.043022614
0.04951614
0.051258735
0.06779337
0.099396944
0.3845442
0.5454322
0.59448355
0.89671326
0.8189203
0.77131206
0.84112006
0.24389201
0.13422596
0.09371246
0.08174747
0.723263
0.106009685
0.09476557
0.13938843
0.1803054
0.13670364
0.13756216
0.20276605
0.8058582
0.2330636
0.14619634
0.1204448
0.107325114
0.11001143
0.13042942
0.12484255
0.12133342
0.11205964
0.11211312
0.10856241
0.10422762
0.0995075
0.11491543
0.19272235
0.9287874
0.9275178
0.8891555
0.8460845
0.89438534
0.82735586
0.05735839
0.06904869
0.10252567
0.809903
0.84235686
0.13363436
0.057646718
0.031678274
0.026510574
0.02287234
0.02034045
0.02014041
0.031320978
0.8750361
0.9004916
0.9436167
0.9481231
0.8915806
0.8290595
0.83447486
0.040292703
0.03564294
0.052033473
0.09019386
0.101384364
0.15637992
0.30196127
0.3074682
0.1511784
0.09411391
0.07678087
0.81254244
0.8044599
0.6967614
0.64563346
0.6810928
0.575298
0.5896935
0.63835174
0.7192125
0.8374182
0.92298216
