0.103643104
0.092736356
0.10712547
0.12449448
0.121305466
0.09080205
0.06953863
0.06782108
0.10268878
0.8121072
0.886786
0.91672856
0.9100351
0.87663674
0.7674227
0.7505422
0.8190218
0.7666192
0.75056934
0.7903364
0.8673141
0.86394936
0.862465
0.8440389
0.812885
0.7864996
0.07159912
0.05144146
0.043379955
0.041637648
0.04324084
0.040932044
0.04267389
0.050024558
0.08192535
0.93485373
0.907571
0.8825414
0.87247247
0.8745779
0.87967354
0.8570863
0.83449495
0.82111436
0.81333417
0.7983556
0.79115164
0.7737244
0.74045897
0.113880455
0.06731723
0.0659269
0.081887245
0.5721644
0.12394025
0.13458224
0.7800539
0.1016718
0.10794641
0.2371556
0.89235735
0.87803984
0.20605367
0.7326234
0.06396618
0.058329098
0.110384375
0.19444084
0.3098461
0.48438787
0.88019705
0.87053204
0.8621434
0.79438525
0.68576556
0.63338786
0.5963646
0.5828334
0.09642608
0.06316649
0.08725174
0.6842578
0.73610765
0.7540582
0.09153777
0.102458335
0.07751993
0.12926342
0.932777
0.0909216
0.04224645
0.024376076
0.018558402
0.024216339
0.94537145
0.9587869
0.9710287
0.96882
0.028538486
0.013439321
0.011928924
0.019843766
0.07318852
0.9419267
0.94948804
0.20716476
0.0670639
0.05215643
0.08796452
0.9277255
0.9193405
0.18795289
0.091350794
0.10011971
0.9068745
0.9131652
0.1750976
0.10436985
0.08147218
0.092670895
0.069108725
0.07780898
0.7555294
0.06602096
0.05138259
0.04544188
0.045958165
0.05353795
0.07280864
0.6578538
0.12186894
0.1277951
0.18415855
0.21337046
0.86171573
0.3176095
0.09146579
0.07519006
0.6366271
0.058751214
0.05638544
0.06544545
0.7783714
0.13527986
0.056580912
0.052083503
0.09582838
0.08790988
0.8076232
0.048112724
0.031606164
0.029315984
0.04173814
0.06910906
0.15476546
0.93871784
0.9381493
0.17869604
0.06066297
0.038276464
0.045164287
0.9001068
0.047539346
0.07511023
0.94229853
0.9627851
0.9596121
0.053188697
0.024378883
0.023028051
0.039031267
0.09531603
0.1357783
0.11095279
0.11843027
0.09019334
0.052269652
0.051647823
0.83971477
0.8371395
0.79820496
0.71934533
0.6717667
0.6136567
0.5984465
0.6100922
0.6354207
0.66633683
0.6972958
0.7318501
0.78603554
0.88175744
0.9335523
0.34321246
0.07598819
0.035362888
0.029041134
0.033167083
0.042683512
0.04006338
0.033339035
0.05840599
0.9264853
0.9039951
0.9283015
0.04353196
0.018441414
0.014066133
0.01513556
0.018659772
0.060607586
0.9581202
0.9755297
0.97633505
0.9672811
0.037940007
0.02202742
0.0280222
0.033695173
0.05289786
0.110484384
0.8775554
0.84839594
0.039909177
0.0131529225
0.010712975
0.015850285
0.95921296
0.9710359
0.97942984
0.9780375
0.039417587
0.023344597
0.021837022
0.024349162
0.025923505
0.029673425
0.037383787
0.054324012
0.075358205
0.07913132
0.10759076
0.16608392
0.19024837
0.25522155
0.7187583
0.114161156
0.09098403
0.086659156
0.10255464
0.13980892
0.6400069
0.21902373
0.33635852
0.3011964
0.57200176
0.16233772
0.1363911
0.19323732
0.620534
0.6447315
0.64686966
0.6918943
0.7863501
