0.8611777
0.7718584
0.7493359
0.80697703
0.7858262
0.8255443
0.2560732
0.20679373
0.20363599
0.20016913
0.84517163
0.16498722
0.07210308
0.04410547
0.034984373
0.035240002
0.05794832
0.8525567
0.83701485
0.8545343
0.09996722
0.06511086
0.049414705
0.05529456
0.08003901
0.088737935
0.117347136
0.17082146
0.17645863
0.1518403
0.71262074
0.18200153
0.21730104
0.24009702
0.18657397
0.1428879
0.11609568
0.104139686
0.11836156
0.8329611
0.72285426
0.09195599
0.121997945
0.7363594
0.8164278
0.86278206
0.8623021
0.815425
0.8223531
0.76186246
0.7943041
0.68527246
0.16741055
0.20698193
0.81246
0.81732285
0.21950398
0.16753212
0.17067409
0.6583216
0.7243447
0.23860419
0.2301067
0.5770563
0.61988515
0.69886816
0.8191882
0.3099883
0.20491624
0.118353896
0.10054207
0.09386649
0.10761022
0.79203296
0.78709424
0.7851642
0.80130994
0.11793916
0.11276011
0.10793952
0.09342216
0.12375177
0.18668729
0.80838966
0.8005968
0.73584044
0.7544632
0.22134739
0.23994869
0.6370493
0.13606101
0.116221115
0.118979774
0.1500405
0.25767103
0.7020441
0.64428663
0.6569882
0.69123846
0.103450425
0.062267777
0.06734776
0.10137381
0.2505806
0.8757039
0.8924315
0.84708583
0.056273635
0.033168454
0.03642926
0.05130898
0.09698465
0.086752824
0.08812574
0.14541054
0.91341203
0.8963559
0.25215024
0.20111203
0.7953646
0.8393719
0.8158372
0.08866728
0.086424924
0.091368705
0.09284885
0.09200781
0.09554462
0.07930886
0.9028167
0.06863588
0.054048296
0.04230433
0.056591853
0.84752905
0.9077406
0.19890694
0.18047561
0.07629345
0.7220325
0.036574304
0.028840061
0.03391305
0.03979687
0.13686967
0.9409921
0.96646154
0.9714921
0.96010774
0.098323986
0.034958914
0.020989079
0.02278109
0.042922266
0.88924515
0.22160392
0.23262127
0.31317997
0.92788446
0.9163724
0.90489763
0.058971405
0.04186832
0.04832114
0.07490607
0.866948
0.8686548
0.8969595
0.8512671
0.86851996
0.053498406
0.02928794
0.023116771
0.02157556
0.023419483
0.03170685
0.036584724
0.045249186
0.0434359
0.03267184
0.035366308
0.9308215
0.9319923
0.9454615
0.92861396
0.03819639
0.020050056
0.018695172
0.022580342
0.027420754
0.031199018
0.03474477
0.044645738
0.049798034
0.0696807
0.10481558
0.9215888
0.9278039
0.89942867
0.86360294
0.7832003
0.77179044
0.794838
0.8597808
0.8637179
0.88862693
0.86377263
0.76987875
0.7079906
0.102748506
0.12372555
0.20985353
0.28246304
0.3130682
0.3011964
0.25151795
0.7908849
0.65878713
0.25709814
0.2897623
0.23511945
0.2465319
0.35766834
0.30153784
0.23370472
0.19071202
0.20545685
0.2814838
0.5421176
0.5647479
0.6108338
0.6998287
0.6946971
0.7182815
0.7381238
0.21071072
0.15999722
0.22944045
0.29313016
0.28253898
0.31973344
0.12579073
0.08428065
0.06907542
0.080784954
0.10652364
0.11050457
0.09561476
0.79907805
0.8434802
0.9002615
0.88981515
0.7796934
0.7243427
0.7150398
0.073546655
0.074172206
0.10488597
0.14022328
0.12067642
0.12991554
0.18586078
0.17534849
0.674807
0.6377154
0.7132107
0.8426223
0.89304316
0.89436364
