0.27146363
0.11051797
0.10010502
0.091155134
0.07587412
0.068281434
0.06488875
0.1072961
0.86932814
0.8594217
0.85602784
0.86759263
0.8462032
0.83751506
0.8359761
0.85799855
0.80938977
0.8120427
0.8301443
0.8750588
0.07746478
0.050076533
0.040898006
0.04702877
0.0677303
0.08997841
0.07692196
0.11088909
0.1671505
0.1390168
0.14354448
0.08485089
0.077847
0.10128183
0.8720058
0.822736
0.87187
0.09700949
0.07571429
0.7827523
0.038403958
0.026901985
0.028147077
0.045649476
0.17340307
0.9480851
0.96368855
0.9654877
0.9676693
0.9678179
0.069454044
0.029878143
0.023828633
0.027993547
0.04030898
0.056922697
0.078355685
0.868702
0.9168986
0.23019709
0.049668234
0.037831724
0.03065274
0.02618403
0.021107465
0.020096283
0.022084676
0.02819369
0.028366623
0.026321743
0.026815664
0.024182117
0.048312318
0.941333
0.95681965
0.97257036
0.97579557
0.97092587
0.9493826
0.06377815
0.042204797
0.03560358
0.03813985
0.059822395
0.07702926
0.8480644
0.045931287
0.029955737
0.029419541
0.044987053
0.8312008
0.8523777
0.851408
0.7894465
0.75300187
0.18017314
0.12413874
0.123871565
0.15838857
0.64450884
0.11847347
0.12149992
0.15233766
0.74976945
0.4984991
0.31974056
0.8591234
0.8456074
0.848211
0.79132265
0.089750946
0.061337464
0.058508158
0.07723974
0.14747542
0.8915306
0.88222194
0.93375444
0.94044054
0.888372
0.02797782
0.020800339
0.020738222
0.023546806
0.028991774
0.04232897
0.12248661
0.9126238
0.8771691
0.905802
0.88825387
0.7422875
0.10824827
0.16073866
0.13155948
0.7403613
0.7446835
0.104738995
0.08051708
0.8074282
0.89435947
0.0616427
0.033468824
0.027990492
0.039275955
0.85203254
0.8636471
0.88329446
0.91403717
0.072934896
0.038045585
0.03589341
0.051903933
0.78526694
0.83210933
0.12138131
0.100197084
0.87281716
0.9125685
0.8919632
0.8405223
0.10122014
0.110682845
0.10352446
0.8615061
0.87790734
0.928516
0.9486579
0.9359243
0.098264724
0.06454683
0.070560224
0.1299682
0.19330825
0.14855835
0.10833144
0.73123044
0.7064419
0.82442933
0.079100594
0.067608766
0.060934022
0.05562477
0.83204013
0.055319116
0.0554417
0.038185567
0.02882854
0.0255232
0.02538626
0.026341433
0.021095881
0.01888267
0.030137755
0.90512246
0.9109858
0.93584275
0.955772
0.9558434
0.9285229
0.8897119
0.877609
0.035360835
0.021833522
0.02138611
0.02939706
0.047386542
0.05125108
0.08604439
0.8559851
0.8371961
0.9019917
0.891498
0.11584886
0.09279422
0.085648336
0.6902743
0.16963407
0.30479738
0.3661955
0.18699715
0.1145315
0.09371242
0.104504436
0.16308023
0.21071832
0.19450273
0.87551796
0.909198
0.89574337
0.80426985
0.6838297
0.115518674
0.14784856
0.5887343
0.634132
0.7755214
0.70970976
0.7095345
0.8251489
0.28245428
0.26776588
0.8425574
0.7876425
0.069878064
0.054049175
0.058343902
0.7488867
0.061249122
0.053863466
0.07261271
0.7586693
0.18918712
0.28172582
0.4016729
0.86766756
0.8813179
0.8198351
0.8280405
0.12379443
0.06942067
0.050130684
0.04308253
0.04049144
0.041730393
0.037777416
0.038389117
0.05227053
0.80801
0.8959769
0.906801
