0.9408586
0.92290384
0.89569247
0.80284506
0.7503326
0.7913045
0.86843634
0.20890252
0.10992166
0.07544951
0.06443686
0.059236143
0.05821051
0.08480723
0.099192
0.060358357
0.07157158
0.8178939
0.8100234
0.13478617
0.03434998
0.024537446
0.019017257
0.017364105
0.024017721
0.12760098
0.9389446
0.943731
0.94749594
0.94182855
0.9438833
0.1574101
0.03435123
0.018509742
0.017473262
0.021515228
0.034562893
0.08412324
0.9316234
0.9495579
0.94590133
0.9297501
0.8993712
0.88738054
0.06870801
0.045975104
0.036577262
0.03749485
0.045356203
0.09900378
0.8119181
0.7585993
0.7593347
0.7676528
0.047786888
0.02763783
0.029153205
0.038423788
0.07168033
0.17061539
0.16715899
0.13145082
0.22916427
0.93372315
0.8986854
0.050815947
0.030481819
0.023400158
0.01884557
0.01817943
0.02107513
0.04033656
0.8241664
0.300198
0.9225965
0.9463059
0.9525407
0.9195468
0.025269292
0.01804388
0.01762081
0.018497054
0.018952705
0.016922545
0.02629503
0.949157
0.96063524
0.97090393
0.9786905
0.97486895
0.03995056
0.015304781
0.013645953
0.016158435
0.022145282
0.024604954
0.048111085
0.9153048
0.87770736
0.84017813
0.033213537
0.025694635
0.026275111
0.02969466
0.034570023
0.037569415
0.057823583
0.16842568
0.9346326
0.92944425
0.8578895
0.107361265
0.06686768
0.06542355
0.07305853
0.08282495
0.70123404
0.07511468
0.05879017
0.07175296
0.13565718
0.8014152
0.6740405
0.642487
0.62109256
0.0915082
0.07709091
0.07760491
0.10266119
0.67539704
0.2530189
0.3972325
0.7699948
0.8187993
0.232074
0.2722202
0.8219791
0.77781045
0.81363595
0.21442395
0.19107701
0.68674123
0.7790883
0.90676117
0.9383645
0.16064036
0.053127702
0.03408165
0.02424592
0.022311619
0.020694207
0.019514695
0.020563934
0.02407238
0.050932106
0.94391376
0.034208182
0.020554097
0.028528672
0.84537345
0.2770059
0.94317734
0.9671079
0.96752644
0.9468487
0.13530055
0.6635378
0.030825121
0.029661799
0.053600535
0.92216647
0.91539675
0.14970185
0.084290996
0.06839354
0.03902104
0.028639767
0.027832245
0.032734327
0.04498667
0.07229518
0.079503514
0.84583
0.86609024
0.40503013
0.23573108
0.8218726
0.15365511
0.13926049
0.8113216
0.7698981
0.25821415
0.30767098
0.65837246
0.12950628
0.1538432
0.24690501
0.3330311
0.6910328
0.6165029
0.12678988
0.15187234
0.7573934
0.76207167
0.102656975
0.057539962
0.045780085
0.041802205
0.044897903
0.05729451
0.76834184
0.0561987
0.06947483
0.13243718
0.30334198
0.8384019
0.8460998
0.8599617
0.19058172
0.18084045
0.81037515
0.8723041
0.14714167
0.12110037
0.75819486
0.7925503
0.84119654
0.89544535
0.878735
0.89654666
0.8738676
0.87657434
0.13129172
0.15166417
0.89825785
0.9052887
0.36307767
0.21883045
0.8120855
0.14865214
0.116167635
0.07207676
0.077121854
0.7787271
0.12674221
0.12211624
0.07830673
0.07485476
0.11265457
0.31056276
0.84827644
0.16385451
0.119475655
0.6718974
0.6662952
0.7642101
0.7459628
0.76518846
0.8250121
0.82626635
0.87617296
0.8931802
0.8805296
0.12514243
0.080523804
0.07163034
0.097412094
0.82986
0.7389282
0.73122346
0.7663174
0.70347
0.734841
0.7596701
0.7351224
