0.9358918
0.94174534
0.9382558
0.9186273
0.8980823
0.83377147
0.86291564
0.8038318
0.81925493
0.6919978
0.16766922
0.1326866
0.15039556
0.5742222
0.28357866
0.84031916
0.39867437
0.20884077
0.17502941
0.16692105
0.18774688
0.21186666
0.20917986
0.13877335
0.08394189
0.06178037
0.058843106
0.12716064
0.8494904
0.8495124
0.8452332
0.82266873
0.84417975
0.12187087
0.05395733
0.04957719
0.056529608
0.07063975
0.13276742
0.761583
0.7949303
0.8636459
0.8753734
0.82030845
0.6509651
0.5246813
0.49308848
0.5129435
0.19495855
0.17989883
0.5220187
0.6009799
0.6951571
0.60998225
0.32979828
0.2985818
0.09558487
0.12935582
0.17547938
0.12700762
0.13638479
0.08815523
0.0909143
0.13396393
0.30883196
0.9291247
0.08567016
0.049536012
0.036744013
0.030198125
0.027554644
0.025744384
0.026069032
0.031944282
0.072711006
0.859768
0.9248547
0.9443871
0.9420458
0.91430175
0.885612
0.062054478
0.022914045
0.017877081
0.017196635
0.022669652
0.055339497
0.9431169
0.9568432
0.9704094
0.9764624
0.9726121
0.029837895
0.013875968
0.011343217
0.013990893
0.024784436
0.09122987
0.95665205
0.9464372
0.88277006
0.8112605
0.0331303
0.025797546
0.028207188
0.03975704
0.0415617
0.03832632
0.044509187
0.071137674
0.11383658
0.9104406
0.89731354
0.12636492
0.111051925
0.0841192
0.059035547
0.04355798
0.039109413
0.042856794
0.050215315
0.08926588
0.809005
0.82976484
0.9080495
0.9358082
0.89775085
0.029672321
0.01919252
0.02012314
0.022007644
0.027719848
0.045746267
0.7929334
0.86051804
0.06566232
0.033970185
0.027902327
0.026868664
0.029548086
0.026244538
0.025117673
0.033829365
0.09861849
0.9410769
0.94343954
0.1558945
0.07797443
0.036895275
0.026816074
0.023868438
0.023676287
0.026105931
0.026742803
0.027175155
0.026554113
0.024654338
0.017731871
0.014800308
0.02491933
0.9229923
0.9369658
0.9557995
0.9759394
0.97822315
0.9698775
0.052990813
0.016118687
0.013823255
0.034545075
0.92073554
0.92768496
0.9279645
0.085865274
0.055032246
0.04996523
0.037862837
0.033966657
0.036533214
0.033712972
0.046944775
0.06192215
0.09899897
0.9173704
0.92212063
0.90564376
0.88162947
0.89216024
0.15447016
0.21368791
0.9361757
0.942292
0.8937762
0.062444165
0.02937965
0.034727074
0.92844385
0.954093
0.94600844
0.93762064
0.042411584
0.032796998
0.03361523
0.03234834
0.035604935
0.04680493
0.057708267
0.08193774
0.06522382
0.08176172
0.8329331
0.10714855
0.12597446
0.1111772
0.13549294
0.11222596
0.13424769
0.6599225
0.72088766
0.6674568
0.5832743
0.25592992
0.2349161
0.16108792
0.14474379
0.16431849
0.2066641
0.6636766
0.7128782
0.2840205
0.56873244
0.18690494
0.2700599
0.24490657
0.7432866
0.8713106
0.90093243
0.861315
0.22016847
0.18313782
0.24839318
0.5673833
0.47772285
0.48426786
0.5396793
0.65986365
0.23266275
0.16268314
0.18841805
0.7707465
0.8614173
0.8793053
0.8278024
0.85532296
0.089914046
0.08525495
0.13855352
0.17194189
0.19036141
0.2364496
0.77436674
0.50349814
0.7921646
0.8084419
0.7317997
0.70128614
0.68359035
0.690392
0.38657826
0.6168863
0.24691088
0.21967366
0.14732678
0.1288271
0.11686208
0.10833319
