0.81076574
0.19234066
0.13888815
0.13208167
0.19716087
0.82707214
0.15828383
0.14767586
0.68048877
0.67550504
0.6444645
0.642674
0.11901725
0.07896551
0.089505345
0.12890123
0.22786668
0.42681116
0.8658772
0.40680167
0.26175082
0.21122614
0.19417879
0.1868068
0.19486791
0.16215223
0.112624615
0.0811061
0.085598886
0.75719285
0.7932897
0.8859285
0.8852367
0.2971458
0.13859421
0.12408251
0.15020332
0.26742068
0.7893894
0.42035395
0.20643374
0.16890733
0.18552068
0.674448
0.83854264
0.8422874
0.42184678
0.35715404
0.7933918
0.22268404
0.17911837
0.5800915
0.129624
0.1133958
0.16122873
0.28846207
0.40986633
0.84876025
0.87875164
0.86722744
0.79987925
0.7835216
0.18324603
0.124569155
0.10846315
0.11228293
0.57823795
0.2949933
0.8024148
0.21155532
0.10894315
0.08582175
0.0675315
0.058393456
0.058229946
0.081672356
0.10402018
0.109813266
0.15735534
0.78272015
0.8395076
0.13694844
0.053331085
0.046156432
0.04317874
0.04204146
0.033108722
0.029074114
0.028383432
0.031095643
0.04438498
0.083078496
0.25343645
0.9355867
0.93596494
0.18044503
0.07845363
0.07722871
0.79518056
0.7942469
0.04080512
0.026998546
0.03832409
0.8780326
0.93104494
0.95246273
0.9698751
0.96031743
0.0513394
0.020758336
0.034372702
0.8767674
0.057782624
0.059206285
0.14519027
0.9450631
0.08702195
0.039012227
0.025341691
0.020881355
0.020561934
0.022805978
0.033213966
0.042810094
0.09621077
0.9327469
0.9338035
0.25037426
0.07269056
0.05670469
0.75255066
0.070595406
0.07578267
0.14311217
0.14403352
0.07596525
0.08412711
0.7410896
0.74564034
0.7591243
0.8520754
0.07161145
0.04892056
0.05539983
0.050919972
0.070428304
0.11701431
0.1973365
0.920014
0.9102732
0.926571
0.0949933
0.03604645
0.025553564
0.020155577
0.017277606
0.017287258
0.01913646
0.027987977
0.10261104
0.9449312
0.95039517
0.048649162
0.02945629
0.027971657
0.030934114
0.029590337
0.027309181
0.024797248
0.025296032
0.039172735
0.8861428
0.1402709
0.027959721
0.022112777
0.04124491
0.8918804
0.9086257
0.93962675
0.9650097
0.9669591
0.95474
0.91829175
0.86996716
0.029829005
0.022892855
0.030836605
0.060712
0.89700615
0.934787
0.118091255
0.07234567
0.044324875
0.03509601
0.036270317
0.032019626
0.026900198
0.028473953
0.03602061
0.89328337
0.9195441
0.9129933
0.87848216
0.8805963
0.08305532
0.06684343
0.781041
0.80053294
0.87643844
0.8299243
0.043994542
0.061798118
0.9137825
0.95570296
0.953353
0.93396837
0.12248841
0.07447459
0.7842101
0.057612486
0.040738087
0.04005076
0.051579006
0.07982594
0.06373505
0.07601834
0.8286712
0.7705254
0.080783896
0.06419109
0.06152758
0.07305967
0.1176883
0.1821432
0.2513225
0.6804824
0.6425674
0.61626065
0.6221034
0.18675311
0.15637447
0.17211257
0.2590761
0.5778542
0.6097717
0.5706978
0.24450691
0.28526497
0.38818097
0.34529045
0.66852427
0.73232126
0.66369474
0.6107595
0.42218858
0.33457085
0.38218287
0.43521413
0.3074254
0.24958529
0.24544592
0.57709515
0.6174912
0.503385
0.25331387
0.32172242
0.52867895
0.6066924
0.67795736
0.15315656
0.13346043
0.16654436
0.80255675
0.7870736
0.8180158
0.86341923
0.86603
0.8961731
0.9232356
0.9238142
0.14766866
0.082252614
0.08218556
0.07365988
0.07282244
0.08685347
0.14434035
0.28297016
0.6959885
0.79238385
0.82650954
0.8501154
