0.7853487
0.7140308
0.70003223
0.75844145
0.75954264
0.7740292
0.7737272
0.6792008
0.3494217
0.34461528
0.33923876
0.27233788
0.22737524
0.6139001
0.2256927
0.20897782
0.2091858
0.24877846
0.19845304
0.22431798
0.6578831
0.6515737
0.27716538
0.30946326
0.27102327
0.34453788
0.31961933
0.29472223
0.26098877
0.85055465
0.8476702
0.74803555
0.17115553
0.10760788
0.09311469
0.097054906
0.15638593
0.18054397
0.30266502
0.8774598
0.40636778
0.17512299
0.14846405
0.17782658
0.16927442
0.21207984
0.21322402
0.16837852
0.74597996
0.14846893
0.21133949
0.22434552
0.8838016
0.30440637
0.10548819
0.06443353
0.05993501
0.065060884
0.04933049
0.03859289
0.034124143
0.032169662
0.03154126
0.032746192
0.045406897
0.8104212
0.06162992
0.056081083
0.10349323
0.16515924
0.9167293
0.95220435
0.9590509
0.9586642
0.95085216
0.93723786
0.9309936
0.9291666
0.91198367
0.041938696
0.026586082
0.021920526
0.019430969
0.018844506
0.018421726
0.018322479
0.019180195
0.038042746
0.9342799
0.92611367
0.10543153
0.098420195
0.82351965
0.86173975
0.87865233
0.8879242
0.8370545
0.12407666
0.14838141
0.9344349
0.9449057
0.9402807
0.9463118
0.9533358
0.9469247
0.12947892
0.056143615
0.039296042
0.032634057
0.029928094
0.029599115
0.03147028
0.03633683
0.054050792
0.08512117
0.79125756
0.07559888
0.069670826
0.08186762
0.15489504
0.73080283
0.7537136
0.7560024
0.11801982
0.10701096
0.12131404
0.13447817
0.18179232
0.2373664
0.7586957
0.68072546
0.69134796
0.74519354
0.83968186
0.84487885
0.7710032
0.8184404
0.20060532
0.096846715
0.0897216
0.13095982
0.8787103
0.8654117
0.16857654
0.16581923
0.29168233
0.31263882
0.79192686
0.81189555
0.090191066
0.091739655
0.14379463
0.24220203
0.8856341
0.9022466
0.8780368
0.34667426
0.2413789
0.16913988
0.7456291
0.75926286
0.78144467
0.7669833
0.18780527
0.15777506
0.1329146
0.7622627
0.8300557
0.81886053
0.34203017
0.2808684
0.13694252
0.09645059
0.73024464
0.7301868
0.11362871
0.09099302
0.10115507
0.13749391
0.87650293
0.8548458
0.8281657
0.8389695
0.8855227
0.8818964
0.82207835
0.8428893
0.17633821
0.18928987
0.3537863
0.38329968
0.36620063
0.8190211
0.6877726
0.65776813
0.8041457
0.14196873
0.088408485
0.100987285
0.77778524
0.83934873
0.8314712
0.8562109
0.8037115
0.1568104
0.16198736
0.16248928
0.8144764
0.8906125
0.90261775
0.31991544
0.1767791
0.10812288
0.069705166
0.069280036
0.754884
0.7639225
0.8543445
0.8646235
0.13585486
0.08598136
0.03991636
0.040855303
0.073680624
0.91494584
0.92381346
0.90312046
0.9263077
0.04477306
0.031004071
0.032015115
0.038261153
0.03406682
0.03273717
0.036948726
0.041469134
0.12026375
0.92376035
0.9399523
0.95718867
0.9507969
0.90490913
0.097867236
0.069856524
0.79247457
0.057544924
0.035484806
0.03194258
0.032709092
0.034440137
0.03958613
0.060064867
0.8941369
0.8980784
0.06384187
0.04436177
0.0513882
0.09669446
0.21845955
0.9391219
0.93459743
0.91068965
0.870029
0.85250175
0.91500354
0.9278281
0.9185846
0.85733676
0.87179756
0.8453929
0.8593488
0.09188426
0.039413504
0.039820228
0.03240968
0.030643186
0.031007484
0.0632642
0.918911
0.30332792
0.13978942
0.9240057
0.073419966
0.029541196
0.026312623
0.048152868
0.29570886
0.9156213
0.92055964
0.91853386
0.91250736
0.14880352
0.073361166
0.048074212
0.05654872
0.103369825
0.8255743
0.086312495
0.13135666
0.879216
0.08637456
0.0800561
0.18639404
0.9012339
0.06767069
0.042086393
0.030845756
0.030561537
0.035947155
0.04767816
0.07585547
0.17711966
0.80517083
0.34305075
0.2183796
0.12575102
0.10238707
0.09114177
0.08882812
0.111754395
0.84051913
0.7979071
0.8234316
0.8446634
0.066854835
0.03815118
0.036044374
0.042896125
0.048782032
0.03840423
0.0310449
0.028125584
0.02999285
0.031496827
0.03750836
0.144839
0.94341993
0.9567583
0.95201004
0.952134
0.94455934
0.9338735
0.91816884
0.9122275
0.85829055
0.041504167
0.030477691
0.03212631
0.044248443
0.05400507
0.06992742
0.12516221
0.1713866
0.26398826
0.7258373
0.12036798
0.07455079
0.089816
0.10138373
0.20863871
0.21857761
0.6838037
0.41307807
0.28409457
0.1729772
0.15069292
0.15467274
0.8449765
0.13092749
0.10867025
0.135893
0.8494755
0.116487235
0.09202942
0.11025607
0.7801211
0.7909938
0.8168591
0.87876344
0.88459873
0.86162555
0.84835595
0.809372
0.8270711
0.7965553
0.83120596
0.8869913
0.8981116
0.8945707
0.88006
0.849142
0.85171175
0.8190716
0.80058897
0.8361669
0.8096994
0.82926154
0.7769145
0.7129715
0.13051108
0.121005885
0.16193435
0.79254735
0.16433765
0.12296864
0.10795401
0.17577268
0.3596298
0.4699065
0.8198604
0.7632874
0.7104148
0.702635
0.14978825
0.09672867
0.14344196
0.8208722
0.8846262
0.89584917
0.8898821
0.8965578
0.8749386
0.79377484
0.696158
0.64703906
0.64980173
0.12937592
0.1845479
0.3623275
0.84213376
0.74622935
0.6797624
0.6565085
0.11841203
0.114207365
0.1451873
0.80155545
0.847995
0.8446725
0.9037412
0.90790594
0.8612663
0.17812347
0.066832125
0.050417833
0.06479675
0.82443815
0.8770179
0.9192787
0.91376406
0.14187303
0.1145622
0.20791927
0.25624907
0.8802158
0.9160578
0.9190918
0.8859435
0.8886344
0.84200805
0.7694828
0.047650885
0.04366713
0.07204975
0.87766886
0.91875833
0.925394
0.90195876
0.0986661
0.06986911
0.08495915
0.79507494
0.8276511
0.04390988
0.050533094
0.05915536
0.03736298
0.04761976
0.84187716
0.89555097
0.90135056
0.94583553
0.9523705
0.112418935
0.035649966
0.029373897
0.032985378
0.03289016
0.035972156
0.059825942
0.056593865
0.059149973
0.042412058
0.054708883
0.8325098
0.0390795
0.022652272
0.0436448
0.93888825
0.93368375
0.94249207
0.9495701
0.96049404
0.9456686
0.06845787
0.030440753
0.03352818
0.79627085
0.051531505
0.04386667
0.039823003
0.035556618
0.048380837
0.8631762
0.06306354
0.049360767
0.041427236
0.036008097
0.04127258
0.089739084
0.8049074
0.821597
0.77483153
0.76814085
0.79468656
0.15998448
0.14098293
0.16554575
0.20884436
0.17678146
0.5663242
0.58777255
0.61592805
0.6875508
0.85422826
0.85615015
0.23498577
0.17420894
0.10066932
0.08362731
0.09691456
0.13425133
0.20251803
0.2626528
0.8598746
0.9192973
0.931
0.91770166
0.09869623
0.06225749
0.06542768
0.11220042
0.10692632
0.081271105
0.10710153
0.8319943
0.063440375
0.05840747
0.042334944
0.036786932
0.037024796
0.041670557
0.037526846
0.035501912
0.03744521
0.034181565
0.03346598
0.03503823
0.03050347
0.02629163
0.024809048
0.042103775
0.3599135
0.9550577
0.93173814
0.9181215
0.08780786
0.02793762
0.017587427
0.014833182
0.01491093
0.015928373
0.017074367
0.020549953
0.041356854
0.9343367
0.9325272
0.95083135
0.9448013
0.872805
0.037600245
0.024157725
0.030258805
0.6607426
0.046756826
0.035069257
0.04363101
0.147773
0.25311938
0.87929934
0.04582643
0.02550857
0.01960535
0.017710142
0.01905618
0.062258463
0.9486773
0.94941175
0.9046628
0.057280656
0.028116057
0.02121359
0.020736469
0.028378394
0.06700992
0.8756056
0.09383032
0.04685159
0.030788844
0.029783143
0.058447123
0.8707812
0.860243
0.060795065
0.044343434
0.043599013
0.04356801
0.0453452
0.05128058
0.05374538
0.057350915
0.07698804
0.11425387
0.20478292
0.7873482
0.73185825
0.38090622
0.3264905
0.718833
0.3416778
0.3088661
0.31520978
0.4102762
0.4315676
0.3302125
0.31030104
0.36044338
0.29391387
0.27474654
0.34543914
0.42408127
0.46169302
0.5364934
0.4519323
0.441214
0.33661148
0.3513541
0.80546886
0.86774784
0.79827356
0.6634274
0.4814573
0.3902787
0.33991155
0.29630563
0.29004163
0.2361886
0.31856233
0.5544322
0.8536786
0.88898194
0.8566335
0.16628905
0.11043653
0.101175636
0.13393134
0.8912028
0.91943353
0.9083239
0.91406286
0.90712404
0.8902108
0.8908084
0.8766944
0.8466639
0.8576666
0.8262534
0.22564031
0.14494011
0.15802197
0.27532527
0.8513748
0.85477597
0.68605316
0.44170496
0.29844606
0.24171913
0.24782096
0.27993283
0.38376418
0.6231444
0.67368907
0.79330975
0.7841158
0.45556304
0.6064865
0.6632713
0.7624445
0.44008097
0.2911303
0.23581347
0.23474602
0.68161076
0.09485049
0.06551118
0.06514194
0.067227215
0.06780535
0.06571363
0.056128964
0.049212206
0.04613724
0.04611154
0.04322161
0.053075086
0.9208073
0.93973625
0.91184694
0.27480713
0.20657486
0.15753786
0.09498077
0.06426561
0.05675891
0.06332443
0.067548014
0.0788296
0.10848947
0.16301292
0.33964863
0.9095442
0.90790427
0.89683276
0.21004431
0.09570692
0.107486516
0.15174915
0.87355435
0.08008419
0.069855995
0.057638925
0.05123205
0.07641544
0.8939375
0.8656914
0.86379635
0.32108182
0.26736736
0.20146379
0.119569354
0.15225968
0.8709179
0.8788391
0.89007163
0.8692994
0.8879937
0.8732315
0.7916841
0.74367446
0.8184655
0.8748856
0.88118327
0.8621037
0.8861537
0.87282985
0.8917707
0.87310576
0.14897029
0.10861172
0.1172519
0.15115318
0.21936591
0.61071086
0.15840936
0.14647777
0.20216793
0.35778597
0.38322783
0.42677394
0.2671731
0.22090174
0.2049511
0.178162
0.18025388
0.19521813
0.18901856
0.2172467
0.29421636
0.7558257
0.85144734
0.8451454
0.8251205
0.8837473
0.90588194
0.87548596
0.07689687
0.06456196
0.07093754
0.094464965
0.10366871
0.096350774
0.83678573
0.89808935
0.90818995
0.89232373
0.855642
0.18713641
0.14440581
0.12095575
0.09979363
0.09780983
0.11866707
0.6571769
0.7131387
0.6380164
0.6264705
0.69713956
0.6301262
0.67987865
0.7963936
0.84817964
0.8161905
0.23957667
0.26519656
0.23483078
0.1534423
0.10141115
0.115984045
0.1362006
0.8643222
0.87174296
0.90477055
0.8943324
0.8185078
0.77221763
0.8474871
0.836274
0.17068292
0.15231612
0.15781312
0.20431837
0.22577053
0.24632335
0.27190065
0.25951764
0.32196555
0.38139495
0.37912995
0.33026728
0.9288775
0.8843616
