0.8167189
0.7166967
0.19902585
0.19009441
0.15316561
0.1095432
0.100643024
0.104343355
0.1125013
0.15228775
0.64868283
0.5948064
0.57411087
0.6375861
0.6881375
0.8245839
0.1471063
0.056723386
0.053053014
0.057255868
0.048195835
0.044813383
0.05881611
0.113588475
0.8169148
0.8649663
0.85743237
0.09146398
0.06462074
0.06286193
0.0731003
0.09296754
0.13031474
0.7841024
0.81499016
0.83758163
0.77330124
0.18108419
0.07582556
0.06677834
0.078416646
0.11944971
0.25800335
0.67797905
0.65549624
0.16032608
0.1561481
0.1852904
0.23077513
0.21335238
0.20570295
0.232869
0.26894048
0.27127227
0.26894048
0.26982218
0.26894048
0.28502828
0.24732324
0.19471708
0.15784487
0.1499215
0.16636445
0.20226575
0.27551928
0.33930787
0.2863436
0.17597742
0.13078329
0.15690021
0.67311656
0.6638162
0.35023302
0.2767349
0.3232993
0.25961778
0.25356498
0.289793
0.64393204
0.26894048
0.26894048
0.26669836
0.22006366
0.20001394
0.18604998
0.16193013
0.14485708
0.14538392
0.14606996
0.14713487
0.1499341
0.15860862
0.13200277
0.11576079
0.11501872
0.11979781
0.14842801
0.18325894
0.2423085
0.6815984
0.63157177
0.22586535
0.7483833
0.3014747
0.19297925
0.20582645
0.13096203
0.1170411
0.13216276
0.1047551
0.09671181
0.09838603
0.094182774
0.060258206
0.049773768
0.043541145
0.046084754
0.03689477
0.037908502
0.061084006
0.73031646
0.10149952
0.10587037
0.08955023
0.2022067
0.8284462
0.13782571
0.050206512
0.045912195
0.04654445
0.059244327
0.059910122
0.07752101
0.083574556
0.8932891
0.82259965
0.068378836
0.043100893
0.047369543
0.08675779
0.90659827
0.9223006
0.28978696
0.15760036
0.10148165
0.07555147
0.06678487
0.06865095
0.079115294
0.09730345
0.12550174
0.16498223
0.20689715
0.24773483
0.399603
0.8185684
0.8822749
0.8775951
0.892215
0.91300166
0.91074646
0.89571667
0.8922257
0.8663227
0.8540748
0.8521713
0.7951879
0.8113147
0.87709373
0.09894813
0.04781251
0.050956268
0.13002165
0.313762
0.8914269
0.8844148
0.88479453
0.17906134
0.06963949
0.04823478
0.053661343
0.07475691
0.9140568
0.13622439
0.07992384
0.06409576
0.05907801
0.05605818
0.053444542
0.05162891
0.050638672
0.049589876
0.050696522
0.054300748
0.0667302
0.17574415
0.92018944
0.9184582
0.07514642
0.042830218
0.049374614
0.11324779
0.87055284
0.88374025
0.8592265
0.8924022
0.07077859
0.047039587
0.040158913
0.044661466
0.046052363
0.052464515
0.048735384
0.067783356
0.8868639
0.07290852
0.040882174
0.036147926
0.046337508
0.90814126
0.04511196
0.030992374
0.0310129
0.034894995
0.0375354
0.037195887
0.04483823
0.102019645
0.9160465
0.11281905
0.08930968
0.057316177
0.05529457
0.055377573
0.05824008
0.07104759
0.08673841
0.11830582
0.6522342
0.23670602
0.6604187
0.74656963
0.3173659
0.2865677
0.32813948
0.29374206
0.31546456
0.24483834
0.23061478
0.292682
0.3596472
0.47425663
0.44870484
0.5029778
0.448557
0.46325108
0.58712226
0.57303417
0.3964573
0.32303327
0.31028193
0.28550947
0.56218415
0.54175806
0.29525873
0.21582295
0.20675977
0.21535757
0.34397915
0.5530035
0.5971431
0.31429887
0.24526662
0.23796605
0.33539635
0.46115857
0.50609493
0.36531666
0.29400176
0.2773284
0.35342968
0.46717674
0.43406433
0.37094766
0.30068356
0.28851163
0.25694865
0.27118966
0.243484
0.18824606
0.16107604
0.15587638
0.163425
0.17616463
0.18198308
0.16922478
