0.0864601
0.07575601
0.09529403
0.07325994
0.06554133
0.07288032
0.08412724
0.14293414
0.7988258
0.07623074
0.07013542
0.10516757
0.8414152
0.8656167
0.7946083
0.7857593
0.7669825
0.7401683
0.093149565
0.06684023
0.09859552
0.7921934
0.12798034
0.09528813
0.10035459
0.08675602
0.09900658
0.08221386
0.06960324
0.10432947
0.7665859
0.8012766
0.8292243
0.8253627
0.8009336
0.79433703
0.8027383
0.8272878
0.27242476
0.08458926
0.09504622
0.11422111
0.27335072
0.7940433
0.20789978
0.10171411
0.086443745
0.08530632
0.10314634
0.10952576
0.73400825
0.73283863
0.7508804
0.79258966
0.85790783
0.7959937
0.10153905
0.06622951
0.06545211
0.06449307
0.069267556
0.12939082
0.40378317
0.37839007
0.24331711
0.5593499
0.1925507
0.15093808
0.15903696
0.5715888
0.21303299
0.14457515
0.156813
0.69233924
0.7004819
0.4270494
0.18217105
0.16890489
0.6532597
0.17409769
0.15926954
0.6881115
0.7307731
0.77678525
0.7910808
0.7976734
0.7973433
0.79176337
0.75162643
0.7022632
0.21935305
0.20704596
0.7310297
0.71164584
0.16979454
0.13844068
0.20248592
0.7300151
0.6925204
0.13434012
0.11452515
0.13121507
0.71973294
0.7210321
0.12772954
0.12705031
0.23248972
0.7394983
0.16851345
0.15293708
0.14811353
0.7874838
0.83110476
0.83115315
0.8363009
0.834575
0.8235007
0.813377
0.79943293
0.7832296
0.76459575
0.79043096
0.88317025
0.8998003
0.13677919
0.066310965
0.06418362
0.064668566
0.08663597
0.28478378
0.83753824
0.86017764
0.80529964
0.8088769
0.05794968
0.041297138
0.041018266
0.05119741
0.067686684
0.15303227
0.8891399
0.8874001
0.33097968
0.8412032
0.1794499
0.19832462
0.8253525
0.79190886
0.7841174
0.78687894
0.765575
0.7199805
0.24270703
0.19239879
0.74760735
0.29412693
0.7422924
0.74629563
0.11887981
0.11491412
0.17124803
0.17670812
0.19353557
0.14466332
0.10929831
0.25490588
0.18939726
0.16499892
0.17169437
0.72620565
0.68046105
0.25321624
0.29131204
0.44770768
0.7273788
0.7526319
0.7801471
0.7964455
0.80350095
0.8129215
0.8212275
0.8198265
0.80171794
0.7673224
0.7285949
0.118795566
0.06992875
0.121888585
0.45534092
0.90516436
0.86374956
0.8327832
0.11804694
0.06553907
0.07160977
0.1253859
0.17735118
0.18971016
0.18981387
0.8903188
0.86381876
0.1634865
0.14676027
0.50281787
0.13028331
0.12085911
0.15061325
0.20065491
0.07251421
0.05775862
0.050661452
0.047504432
0.045627173
0.040589917
0.053979475
0.81589663
0.061087023
0.13784811
0.88501394
0.8869197
0.90690887
0.40861684
0.26982594
0.87549824
0.27946064
0.10251643
0.062138844
0.049750347
0.04908856
0.058309812
0.10572737
0.25395772
0.82525367
0.81020117
0.7763388
0.64932233
0.28210884
0.22015418
0.20109393
0.22330749
0.16467834
0.14727052
0.59721154
0.6546867
0.76233315
0.7878787
0.39345032
0.2833932
0.20422536
0.22060694
0.35300818
0.780048
0.7912197
0.81907666
0.8359201
0.84207857
0.8474323
0.8342999
0.8343883
0.84182054
0.8186191
0.78594214
0.7377502
0.6961899
0.43835768
0.44573063
0.34691492
0.353509
0.40911794
0.65480036
0.71058726
0.81038964
0.80294985
0.40637776
0.34648
0.3547245
0.2783715
0.25444213
0.6754937
0.806301
0.8927997
0.92198825
0.9298003
0.9269677
0.914022
0.9042715
0.8855224
0.8662911
0.8553701
0.84919506
0.8550777
0.8763698
0.9028294
0.91029334
0.9015007
0.88948894
0.8827579
0.8845197
0.8912125
0.90577924
0.9114127
0.88496435
