0.9462331
0.93526244
0.8671313
0.08437634
0.06860961
0.07402547
0.14811406
0.25286946
0.32214737
0.8580183
0.89721936
0.8875591
0.8175859
0.7842485
0.79558927
0.11764739
0.035213735
0.02092524
0.0177506
0.0185706
0.019911332
0.023247294
0.023213401
0.048910603
0.9530027
0.9662991
0.9743713
0.97148806
0.052747745
0.02700036
0.023579352
0.027079333
0.034406226
0.048979066
0.07551137
0.12575716
0.17933841
0.13381529
0.17577201
0.2208189
0.18078837
0.14036016
0.27338475
0.8205777
0.8701769
0.89989066
0.8953413
0.85844845
0.85412157
0.80396503
0.7856291
0.77401406
0.75335634
0.19536749
0.20838891
0.37230596
0.7965049
0.21655186
0.12115328
0.104467414
0.6312524
0.6884242
0.14778423
0.21685131
0.1997898
0.15013503
0.83198196
0.8343798
0.07681447
0.04711192
0.03348099
0.026452465
0.02411589
0.024225492
0.028894164
0.06074779
0.15587822
0.523289
0.9368868
0.9395055
0.9372941
0.93203175
0.9241083
0.88829917
0.07885414
0.036403578
0.025217192
0.028379248
0.048276972
0.8041608
0.1820979
0.12938613
0.15567276
0.14757513
0.101566255
0.7766781
0.733602
0.10771084
0.11862665
0.13378464
0.14821899
0.8072539
0.82654995
0.86081165
0.84689605
0.8015237
0.78944904
0.7850287
0.79639345
0.83195245
0.8440559
0.8644591
0.8603997
0.83045393
0.17290212
0.0871377
0.055803742
0.054746997
0.08362051
0.17339548
0.89353955
0.80239016
0.7656171
0.8637954
0.8199159
0.12542118
0.22770238
0.82075465
0.84301466
0.16976686
0.14662015
0.10336608
0.08111704
0.050015155
0.033523086
0.026162663
0.03305706
0.80017257
0.035424266
0.02872599
0.052237526
0.06774659
0.11563134
0.16671489
0.3645965
0.93771696
0.94468224
0.93010145
0.25387058
0.100139536
0.060282685
0.04633163
0.036022704
0.029914914
0.030980175
0.03341578
0.037277687
0.049373
0.08090381
0.11058169
0.1576255
0.1831811
0.2507808
0.8143394
0.8063165
0.3088925
0.29159984
0.8215618
0.84478885
0.8648556
0.87705576
0.88954693
0.89616966
0.89540213
0.89023936
0.8852683
0.88098055
0.8767846
0.8763546
0.87656987
0.87790096
0.88035226
0.88347745
0.8873862
0.8912985
0.8875614
0.87441725
0.862474
0.85765433
0.8615549
0.8754038
0.8819613
0.883146
0.8859823
0.8914956
0.88664585
0.87879443
0.8761587
0.8794576
0.88643074
0.8888791
0.85032517
0.8171485
0.220313
0.1319306
0.28084546
0.39633515
0.8919529
0.8725181
0.17337903
0.17370681
0.12183339
0.076495245
0.08465972
0.89235866
0.19403742
0.16342324
0.74406976
0.14600633
0.8646073
0.07822994
0.07553548
0.08682958
0.20332995
0.8046582
0.83128685
0.79003453
0.7937565
0.8587264
0.84816414
0.7839775
0.8103599
0.16825981
0.12840986
0.10539414
0.06253722
0.04892783
0.059268024
0.071685664
0.07824505
0.07332491
0.054831084
0.062132616
0.86410594
0.9014986
0.9234204
0.94824
0.9573512
0.95793325
0.9542201
0.92121786
0.059267223
0.054933302
0.068769254
0.08036787
0.08644774
0.08522888
0.0680005
0.074665576
0.088889435
0.13447617
0.27665028
0.40713674
0.2755728
0.14595126
0.72718686
0.34242505
0.38630432
0.49335334
0.92171717
0.9315406
0.91807234
0.89136326
0.5321047
0.540058
0.3881569
0.68985736
0.15190454
0.1967118
0.3041272
0.8832924
0.9078091
0.89478964
0.870869
0.8476941
0.84543157
0.81206524
0.74603236
0.6989001
0.66230226
0.33269915
0.3312347
0.33024183
0.25934517
0.28585625
0.4179032
0.5115217
0.6311025
0.25270057
0.24349046
0.32667434
0.35528886
0.41689608
0.66061866
0.6362092
0.26589784
0.21720102
0.17763491
0.17988752
0.65111387
0.7658977
0.7908812
0.82316136
0.86593807
