0.8240019
0.78456485
0.7284631
0.71865004
0.749999
0.78724754
0.76523936
0.78658557
0.7214193
0.2716829
0.25072128
0.2170509
0.17693551
0.18979044
0.5933113
0.18040219
0.14209013
0.13740377
0.14980389
0.15823996
0.19436365
0.25965235
0.19527978
0.19190565
0.66377205
0.13852645
0.10562829
0.1278897
0.6365383
0.72366357
0.82585955
0.24624582
0.24340564
0.17270304
0.74318105
0.1828754
0.21940696
0.15586653
0.07951778
0.055652834
0.045285538
0.04409046
0.05080776
0.06354578
0.11049674
0.14114264
0.7375868
0.074736156
0.09070261
0.08855558
0.71952856
0.23450948
0.13848145
0.13599986
0.7900813
0.115732744
0.042923678
0.036358878
0.0497424
0.7566395
0.034579694
0.018616829
0.016958738
0.034572516
0.87130135
0.88960236
0.914569
0.9532194
0.064896755
0.035955038
0.033124797
0.061007634
0.82617205
0.04785828
0.034887508
0.037948314
0.04729465
0.059973955
0.0531679
0.03637829
0.027952306
0.02759478
0.028308613
0.030675922
0.03421931
0.044628173
0.13122703
0.9436591
0.9484985
0.12285883
0.045378324
0.036629822
0.032334264
0.03310915
0.03272208
0.03355025
0.042576324
0.058305643
0.117369704
0.81069
0.76294136
0.11608515
0.07057817
0.06904355
0.0743492
0.10473507
0.11212006
0.1177173
0.10352696
0.13079008
0.13639781
0.14966816
0.2384955
0.8277858
0.8169265
0.7943799
0.83049965
0.89364177
0.8980204
0.8795856
0.87037724
0.8743094
0.8592904
0.1956842
0.18221675
0.15127295
0.1021483
0.073141895
0.11273023
0.7632443
0.77237666
0.87180907
0.39661682
0.14873335
0.77725005
0.17751306
0.106054775
0.1494653
0.88587415
0.8927433
0.8332903
0.69580156
0.07906896
0.07273573
0.1496547
0.8291466
0.26897702
0.31984326
0.9105368
0.1297596
0.049631737
0.036799584
0.026208157
0.022468764
0.023275526
0.026748557
0.024521556
0.07977322
0.9490085
0.95973194
0.9563882
0.95058894
0.9552473
0.041001268
0.021005291
0.016976641
0.017324733
0.020281613
0.025503203
0.028995158
0.034921065
0.05940248
0.84924376
0.86238706
0.83881146
0.83220977
0.82254636
0.7635974
0.08978892
0.07450373
0.06406992
0.061015066
0.06903205
0.10314035
0.6581769
0.6230584
0.6612998
0.7344403
0.42501557
0.20771979
0.1756053
0.15427712
0.2368742
0.47997275
0.8558266
0.86448723
0.821423
0.83786917
0.789322
0.7866472
0.7613729
0.07096315
0.046410978
0.047338165
0.06704937
0.7843339
0.7869943
0.07906368
0.05626439
0.11808078
0.8466676
0.85561913
0.17257173
0.07841875
0.037968874
0.027645133
0.026687454
0.033940338
0.047971778
0.12403157
0.9426441
0.95892
0.94744766
0.8951307
0.055714317
0.030173304
0.027628476
0.0394951
0.75408626
0.06477459
0.051469535
0.07031731
0.13578308
0.87804586
0.2705431
0.10919748
0.088777155
0.75351036
0.71189624
0.07853437
0.06457259
0.08213722
0.15985505
0.83042413
0.7624526
0.18659335
0.14639515
0.14717096
0.23007274
0.4116725
0.4679206
0.30390137
0.21318679
0.19450225
0.5570221
0.54011804
0.21778005
0.17938359
0.17966548
0.17290401
0.18287985
0.22787608
0.33499795
0.70636296
0.30021912
0.58064276
0.22672434
0.6193507
0.42702296
0.40173236
0.4899166
0.45741656
0.3020347
0.6953486
0.662539
0.07543208
0.074375555
0.09927622
0.24345773
0.9040875
0.90388733
0.24799564
0.10314355
0.104300655
0.11432066
0.17240873
0.8640894
0.11641191
0.12541352
0.8320439
0.83116597
0.84648085
0.856344
0.86667806
0.79362994
0.84023297
0.132945
0.12699543
0.18585497
0.22184959
0.14986952
0.14071015
0.16658829
0.7507381
0.802923
0.36546144
0.21851
0.15291956
0.114406735
0.7070962
0.7982019
0.88461095
0.8998115
0.90417516
0.91148907
