0.7663464
0.11058901
0.12329509
0.2191117
0.9160426
0.9141608
0.86955506
0.84989274
0.7610266
0.10919582
0.0841331
0.14911047
0.4614438
0.5710775
0.59259385
0.601312
0.88832873
0.8776313
0.77388865
0.20006126
0.14393969
0.12535243
0.17477506
0.14793661
0.8665202
0.80294794
0.08578348
0.04625071
0.037256423
0.0375205
0.0560811
0.9037226
0.9491993
0.95003384
0.9380816
0.06601709
0.04653704
0.049998324
0.05011575
0.07230926
0.8609355
0.7637271
0.7260027
0.81436425
0.10517059
0.10317459
0.19939595
0.8729017
0.8778531
0.77769953
0.12184546
0.11070261
0.16917373
0.8526651
0.85656023
0.7897397
0.77473354
0.04172491
0.028841335
0.031804446
0.033332624
0.029086199
0.027776951
0.037488226
0.07416281
0.9289166
0.9401348
0.95167947
0.9434511
0.07822983
0.04725647
0.045657378
0.06483207
0.10363998
0.10659735
0.0767042
0.079826556
0.69074357
0.70005023
0.15618926
0.09871098
0.07826839
0.06338197
0.05527269
0.046807125
0.047672644
0.053608492
0.16243331
0.8697645
0.9102485
0.9427544
0.95106035
0.95134723
0.94967926
0.91321075
0.044435576
0.03720722
0.04346106
0.052759014
0.070446506
0.06952372
0.077975355
0.0736121
0.12684268
0.83198833
0.83866554
0.9176515
0.93376744
0.10135103
0.03303815
0.028453426
0.027679406
0.03718653
0.6518676
0.045014918
0.04339298
0.06703911
0.14893535
0.14973094
0.10102115
0.090291254
0.052454595
0.046229124
0.059844952
0.7803965
0.7321376
0.101164915
0.06502253
0.09262397
0.22346365
0.7709399
0.72826135
0.710767
0.10298925
0.06694642
0.6963909
0.04652109
0.029204352
0.023410583
0.022628063
0.040576775
0.28562766
0.96523696
0.9620055
0.9310456
0.13984013
0.034811586
0.021048674
0.020706842
0.027648842
0.06230958
0.880542
0.08749633
0.06641755
0.816731
0.8560562
0.91484827
0.90862954
0.871287
0.07557353
0.054323025
0.061466854
0.08101022
0.8509556
0.88014555
0.0666966
0.045016523
0.04182689
0.057919268
0.12341953
0.90228164
0.16128334
0.14035289
0.1530791
0.12218577
0.09823157
0.769868
0.041377157
0.030985357
0.037256025
0.06040609
0.13481039
0.9445068
0.96071875
0.95757085
0.9451925
0.9200236
0.8243791
0.75723237
0.76036596
0.055592142
0.049968664
0.08230068
0.78660995
0.82472736
0.71255547
0.65190595
0.13439439
0.117639534
0.19224483
0.63945055
0.10132423
0.12520608
0.1529567
0.17533451
0.19649224
0.21681654
0.36761022
0.93346006
0.94417524
0.077304475
0.031912148
0.024924599
0.020502439
0.017870821
0.016636394
0.01616422
0.017967204
0.024004411
0.0981938
0.94892126
0.96705395
0.96502334
0.05792918
0.019695854
0.01698421
0.017498717
0.01754918
0.018052738
0.022490742
0.046071805
0.9456559
0.9552175
0.9666545
0.97390103
0.9730795
0.05163094
0.029056227
0.027366325
0.026208181
0.02603485
0.02563524
0.03112807
0.046680406
0.06590191
0.04983848
0.040194258
0.03380991
0.030526211
0.029077433
0.03135737
0.03830845
0.062387418
0.12823056
0.8765458
0.86250377
0.80763996
0.1096098
0.08307514
0.10230996
0.16938078
0.2976928
0.33817327
0.40183705
0.14105983
0.10286338
0.120030336
0.7943243
0.87162155
0.83942574
0.8885758
0.05913391
0.037452366
0.029658753
0.030247767
0.03703737
0.09305376
0.16483912
0.9111691
0.58302605
0.8337655
0.83652055
0.85867375
0.89420074
0.8532909
0.87073183
0.776393
0.7800572
0.18434463
0.8779676
0.103989236
0.06177993
0.04926712
0.049669806
0.05639387
0.061083283
0.07465964
0.6289034
0.5505007
0.6354213
0.78665674
0.26540494
0.24382403
0.15318537
0.14097887
0.17400625
0.24272947
0.36638921
0.4988073
0.80651945
0.3905214
0.27378407
0.20266469
0.27053913
0.7743657
0.7745517
