0.8452839
0.8144324
0.755426
0.7490569
0.77317554
0.80587983
0.80138826
0.8245326
0.7797944
0.74686444
0.7452567
0.73450166
0.71302265
0.27757636
0.12291801
0.10387737
0.10175621
0.14423184
0.6344255
0.18072185
0.17751054
0.204228
0.13517633
0.11114337
0.122681215
0.71760726
0.6452136
0.11591204
0.14294085
0.727699
0.8094385
0.7811227
0.7910511
0.6611174
0.5708128
0.3424361
0.39737993
0.15613574
0.17461567
0.17019047
0.17509587
0.27551916
0.79256314
0.7819614
0.83508307
0.4029806
0.2029742
0.21755758
0.20817445
0.16506147
0.8203398
0.8029762
0.78279763
0.77799976
0.82270855
0.79949397
0.7879878
0.7831987
0.15420665
0.07983563
0.087980635
0.18296923
0.7465471
0.7431916
0.76932913
0.7827786
0.7697567
0.74829966
0.7596281
0.85218954
0.88382083
0.25633445
0.12504809
0.08165365
0.089042164
0.1502665
0.27948126
0.2310545
0.67398465
0.692464
0.38164747
0.48109463
0.4812872
0.7764653
0.7426035
0.74127555
0.74490774
0.41121763
0.4143547
0.4699678
0.8826172
0.886592
0.10218579
0.07897397
0.122836426
0.92411005
0.9437192
0.92223805
0.10761094
0.06069318
0.047691997
0.048591092
0.054732677
0.07612352
0.7349095
0.7527443
0.08725508
0.05065868
0.052715268
0.07277545
0.07616079
0.07611702
0.08257376
0.117022984
0.14689408
0.17124298
0.2619074
0.81266564
0.7990227
0.79166126
0.82974774
0.88225865
0.88521713
0.8607493
0.8371951
0.81957144
0.8129519
0.24083379
0.20858257
0.18506175
0.11251998
0.07247121
0.0698533
0.77038705
0.7827949
0.9118883
0.21034415
0.070291534
0.059655476
0.06615118
0.059443172
0.1196074
0.9193711
0.9203223
0.8829591
0.82255447
0.062865056
0.050442122
0.057518963
0.07199089
0.086575866
0.17984962
0.8517351
0.18482782
0.07557036
0.060467772
0.04590052
0.04142261
0.051622037
0.0564085
0.03959872
0.09014174
0.9158566
0.9371427
0.9401359
0.942721
0.955045
0.10606713
0.035021644
0.028124984
0.02861697
0.031113295
0.041784313
0.07326232
0.09242045
0.12478056
0.85002065
0.8841673
0.8825579
0.8397856
0.7781694
0.67375445
0.63093287
0.10894322
0.09989221
0.08781974
0.07968783
0.09957999
0.113581896
0.14760388
0.18739583
0.8163119
0.8134004
0.8225341
0.83211046
0.8220481
0.20622383
0.271378
0.3483886
0.8583543
0.892344
0.8660523
0.8332669
0.7459413
0.7293901
0.059799895
0.034763772
0.034789447
0.03947985
0.061118852
0.88200706
0.88999814
0.8789286
0.07532457
0.06443981
0.051486164
0.05479294
0.08796637
0.8943692
0.05073173
0.060992245
0.84923893
0.914093
0.10573073
0.062328167
0.052774914
0.060554743
0.056706168
0.06584396
0.050314978
0.06435777
0.8839556
0.85127294
0.14666735
0.06574077
0.06621478
0.098897785
0.77618617
0.8404841
0.39975294
0.39091212
0.35399085
0.23067312
0.6952812
0.64490694
0.65720797
0.6768304
0.7116875
0.7843695
0.18586434
0.107789814
0.16673853
0.8040773
0.21792793
0.11337219
0.08004688
0.13681509
0.7853409
0.827715
0.8447243
0.05998668
0.035695508
0.03611617
0.03400643
0.06478753
0.89118445
0.9008949
0.88265735
0.84821206
0.07130191
0.06875629
0.12839215
0.8485985
0.092029095
0.0888076
0.8372998
0.8282488
0.8532781
0.15542307
0.09868247
0.12428413
0.14765339
0.8501041
0.16454265
0.11742688
0.14416818
0.8744324
0.8866728
0.86184776
0.7977077
0.7467985
0.74206996
0.08557933
0.10025606
0.1505988
0.29791495
0.9157946
0.92028576
0.29680794
0.11045387
0.085759625
0.111886196
0.7211997
0.68315333
0.08451334
0.081290156
0.085535824
0.091709636
0.1310062
0.19422957
0.2635885
0.2513752
0.8003012
0.20755842
0.24653472
0.77674353
0.37031686
0.18339953
0.14154547
0.1606845
0.21785992
0.85903263
0.82377523
0.66202265
0.60061
0.59273803
0.62387496
0.73840743
0.85600406
0.8983318
0.90583867
0.90767676
