0.9399994
0.9198775
0.88840824
0.5135178
0.35963538
0.41793454
0.4561546
0.44123486
0.74209523
0.7796336
0.7542749
0.7794682
0.8279597
0.20708768
0.10015937
0.08184675
0.07741417
0.086223185
0.13819568
0.84697133
0.15470606
0.16905005
0.7392951
0.09426778
0.08894975
0.13063268
0.21708022
0.7742612
0.21832268
0.7447343
0.14537562
0.126299
0.42648292
0.8562596
0.8352208
0.8163235
0.27286333
0.16759577
0.26293054
0.82269055
0.23772115
0.81153655
0.23141749
0.15812
0.08999914
0.0761883
0.7748093
0.23979597
0.19817665
0.8334242
0.792328
0.75057966
0.7242738
0.72001654
0.75676
0.70054114
0.65884733
0.6728033
0.7483598
0.84668094
0.85628307
0.8146701
0.8146186
0.8505343
0.83368015
0.90662396
0.32291135
0.17363825
0.071407296
0.06543388
0.8015193
0.1416665
0.04030212
0.027949411
0.04531694
0.9203789
0.92476875
0.945372
0.14149548
0.0325835
0.021711608
0.019742282
0.020600159
0.025723036
0.051417556
0.13127895
0.91629344
0.09227748
0.068558864
0.04362539
0.039201967
0.051849168
0.13340496
0.9227527
0.8930545
0.9148274
0.8978344
0.8804982
0.8639688
0.83626246
0.8411061
0.054003615
0.03938805
0.044146363
0.067197464
0.07318099
0.070060015
0.07202508
0.078385435
0.09475358
0.7963194
0.7821662
0.25669068
0.19467974
0.34827483
0.8795775
0.8978352
0.88693434
0.84087753
0.8404389
0.7567372
0.7649874
0.81457007
0.29050058
0.21642059
0.21732695
0.80611575
0.8130027
0.19839202
0.228177
0.22191046
0.19600496
0.2384143
0.82870656
0.84062165
0.85175645
0.8681523
0.85490835
0.8442629
0.84432954
0.8172081
0.7794438
0.7293652
0.66552943
0.18567307
0.11700533
0.119099624
0.17600349
0.77995646
0.7976566
0.24182878
0.08347777
0.07374133
0.07585858
0.086091645
0.661167
0.07735467
0.071123995
0.100242294
0.10257394
0.10893183
0.15360586
0.13420227
0.21920545
0.8433978
0.76716846
0.7192563
0.70258504
0.70332116
0.7885573
0.17152306
0.19641776
0.34035006
0.4760511
0.8519799
0.8286456
0.80592287
0.7994617
0.7860846
0.76817775
0.74695295
0.17996952
0.12881553
0.10806151
0.12771258
0.8469403
0.7669752
0.7500113
0.76965886
0.72128725
0.08554053
0.0680638
0.0741822
0.09733894
0.23545367
0.770658
0.7758479
0.07291249
0.081325665
0.1466374
0.19587912
0.20903175
0.2531137
0.40736935
0.87161523
0.849778
0.8539319
0.20082854
0.11193677
0.1132806
0.12728001
0.1342021
0.112214305
0.07019015
0.05440152
0.0478992
0.05368435
0.82190126
0.12153355
0.1998876
0.231022
0.176656
0.19678049
0.8555453
0.851275
0.85215336
0.8554626
0.8616858
0.84155315
0.8298541
0.864185
0.9130723
0.92601043
0.9257464
0.9110587
0.36548844
0.15966736
0.10968214
0.086570404
0.087079614
0.09225463
0.083967775
0.78205967
0.77771103
0.88197184
0.90665305
0.90820813
0.89545536
0.17734857
0.098844215
0.09804765
0.10200805
0.10977042
0.09053701
0.082432516
0.10773928
0.8187149
0.78234136
0.14481172
0.20389734
0.2001198
0.16134377
0.24182352
0.80423486
0.71400744
0.7077808
0.7542524
0.80719656
0.7782953
0.7773789
0.80442053
0.8508154
0.84740853
0.8733401
0.8616597
0.23431158
0.2885285
0.23879102
0.395102
0.88526714
0.89411813
0.87951386
0.8108658
0.7491625
0.8167624
0.22207136
0.5463142
0.84234905
0.8626851
0.848624
0.83301026
0.8114601
0.4030751
0.29730114
0.8649082
0.8401776
0.83869505
0.83141994
0.826189
0.89355135
0.12986709
0.06697889
0.062162675
0.07201508
0.0877972
0.080467165
0.07271292
0.066870235
0.069140546
0.80850214
0.7778001
0.16090204
0.09605414
0.10457031
0.12056939
0.13784994
0.17525408
0.17006469
0.20322986
0.2608156
0.3280568
0.37298545
0.3346095
0.3708528
0.34598246
0.39024606
0.8038777
0.7691562
0.7853284
0.68905276
0.42621532
0.30512658
0.1842234
0.16580866
0.23904611
0.8301614
0.85400724
