0.9143447
0.91034156
0.86895615
0.867751
0.905937
0.9036137
0.19482718
0.1272297
0.1157117
0.12954147
0.1481346
0.119792335
0.14592277
0.6175478
0.5888269
0.6133042
0.69733626
0.6469345
0.18302502
0.15119681
0.21340847
0.7598721
0.8396483
0.8667629
0.85982776
0.85546863
0.20509586
0.21964937
0.17641889
0.13635828
0.15940258
0.85422987
0.8412595
0.17049687
0.13155472
0.14156364
0.6501714
0.750595
0.6304854
0.11872248
0.098186344
0.11748837
0.20705642
0.85470325
0.85396945
0.14480464
0.09325358
0.08624321
0.10672969
0.7560852
0.754346
0.7255267
0.7344707
0.15312004
0.12797162
0.12104591
0.1319649
0.14878897
0.26936
0.31820327
0.24663799
0.24016894
0.16352661
0.158265
0.62862754
0.13814883
0.110421255
0.13117628
0.7216694
0.32127494
0.11072246
0.10044656
0.6591566
0.10798657
0.119629055
0.7880173
0.8693838
0.83745563
0.83463323
0.85607964
0.35445136
0.20166503
0.70898044
0.09010234
0.086908385
0.14130959
0.85507697
0.117238276
0.08722118
0.09870202
0.9035133
0.86221963
0.77785677
0.7463893
0.7364033
0.7085701
0.7066836
0.73098415
0.7549925
0.7758282
0.77957
0.77471006
0.81403714
0.10427459
0.034054365
0.030414041
0.038949955
0.045079533
0.093309775
0.9346175
0.94070333
0.24545611
0.1993332
0.07200946
0.7214545
0.028319893
0.016422862
0.013158401
0.013715745
0.032952573
0.9559905
0.979038
0.9807649
0.9736621
0.0329926
0.01607282
0.013184084
0.015951905
0.038943082
0.90801966
0.21688549
0.21966282
0.3051293
0.93717694
0.93147516
0.9211519
0.045744594
0.02931818
0.030731184
0.038864244
0.058505278
0.12392266
0.9201976
0.9207069
0.87562937
0.117331505
0.054235052
0.04592711
0.041933343
0.035611626
0.031593956
0.027495395
0.02792348
0.028171474
0.024762098
0.029022157
0.93537086
0.93483216
0.94913167
0.93831456
0.03727007
0.02097051
0.019513736
0.022778662
0.022803344
0.027924178
0.037369173
0.054583646
0.07964544
0.09488809
0.10745209
0.91192365
0.93184155
0.93250155
0.90699714
0.10346635
0.0906604
0.07283211
0.06755149
0.0767154
0.08592951
0.096000195
0.59687686
0.114406936
0.10624355
0.16378254
0.2778734
0.85640776
0.85405546
0.7411177
0.2403359
0.36292166
0.3294781
0.72087854
0.7759666
0.14141743
0.07945558
0.07505642
0.0822766
0.10550434
0.791413
0.8325436
0.82348704
0.037963625
0.033028007
0.03361205
0.043573376
0.04249653
0.042270686
0.040793505
0.031070039
0.027842015
0.052137844
0.95243406
0.9036233
0.04556118
0.025040668
0.016472446
0.014834987
0.016622117
0.019701583
0.018377667
0.026812825
0.91992635
0.9406429
0.9662859
0.9666
0.9337642
0.8945553
0.8838568
0.025662493
0.02133356
0.02676145
0.03929298
0.042053144
0.052915078
0.07947912
0.09358513
0.063031435
0.052023076
0.05593239
0.0931064
0.19292656
0.8065006
0.7691612
0.23433922
0.18251947
0.16729559
0.20369871
0.1951729
0.7887602
0.80256593
0.14907299
0.11227779
0.09821363
0.096985586
0.11830287
0.69798356
0.19464013
0.19976
0.72267
0.52920336
0.76226187
0.80142945
0.6957775
0.6513297
0.6747074
0.19910544
0.7324177
0.15531887
0.07745805
0.056492206
0.046871696
0.04596331
0.057462584
0.11137342
0.87097394
0.8353524
0.887646
0.1084648
0.09560432
0.12384483
0.77774525
0.8434999
0.13477044
0.10328993
0.123587415
0.844594
0.84525055
0.87032694
0.8135363
0.8362349
0.111297704
0.08465693
0.12455307
0.76937824
0.6471822
0.12308475
0.11275729
0.18570231
0.8446122
0.07297263
0.059323814
0.059080854
0.076939195
0.87595576
0.89336824
0.82686365
0.8109277
0.062148392
0.051484603
0.07312553
0.085648455
0.6974314
0.6859442
0.82642955
0.8318337
0.09258154
0.182262
0.17413002
0.19608419
0.32731503
0.8550274
0.7935317
0.8143275
0.8905049
0.89851606
0.3232081
0.2643568
0.1420897
0.08338678
0.051255394
0.04383948
0.04418849
0.06246096
0.13162266
0.9490206
0.9584492
0.9133774
