0.7549426
0.2538597
0.17028263
0.14900151
0.14938761
0.18743336
0.6040291
0.59332675
0.6928202
0.84654504
0.84399277
0.7504544
0.16687976
0.11132316
0.11829922
0.19485493
0.3315059
0.3144329
0.33170146
0.25843883
0.87666625
0.8665315
0.31129572
0.23394854
0.79133797
0.8441826
0.8204959
0.12104909
0.08206536
0.07690629
0.06762713
0.06425227
0.06251735
0.040307306
0.03264727
0.028795194
0.026300304
0.028510705
0.044465143
0.8505884
0.90445447
0.23392415
0.17483217
0.08711311
0.77148217
0.05303528
0.051801477
0.07088416
0.09641673
0.23684774
0.9383314
0.9607007
0.9615686
0.9506634
0.096858025
0.043295458
0.04968471
0.06471012
0.08318573
0.86830056
0.1972742
0.21863475
0.3229961
0.87542766
0.8010165
0.096827395
0.057974327
0.069593824
0.12401801
0.2526979
0.86967784
0.8734974
0.88985187
0.80878234
0.77829385
0.03784728
0.03125395
0.03430143
0.08344584
0.88781023
0.9258789
0.08965996
0.052639194
0.028313043
0.02525528
0.035474055
0.8918662
0.9056175
0.92741114
0.89264715
0.048318002
0.026223434
0.025243627
0.039935715
0.10669087
0.8567966
0.8644057
0.16155714
0.071732044
0.07114595
0.073562056
0.8858681
0.9249135
0.9235705
0.8862134
0.14457889
0.13136771
0.8065101
0.81535876
0.87243336
0.057068728
0.03819886
0.039818067
0.05245327
0.0756857
0.09051264
0.11696691
0.12524357
0.11739755
0.8743082
0.80077696
0.12624016
0.13098998
0.11308735
0.12884416
0.15946785
0.1238224
0.09159202
0.07729839
0.075194135
0.10252662
0.064397156
0.071403556
0.05811692
0.059334707
0.05566677
0.052854948
0.053413928
0.04530946
0.050746866
0.09770611
0.8690846
0.86155415
0.12183469
0.034877043
0.019590521
0.012891229
0.010791172
0.010957789
0.013887984
0.02575427
0.9067986
0.9273896
0.962994
0.96780235
0.9387707
0.9115891
0.9147921
0.033135906
0.026161259
0.024316298
0.030426571
0.031223547
0.03699064
0.052684978
0.06321951
0.054910358
0.05742964
0.049787093
0.06854416
0.124633305
0.8330804
0.828594
0.15795007
0.15776925
0.18863927
0.18928118
0.26962206
0.8538557
0.8890977
0.06816008
0.049228273
0.049345866
0.04341751
0.030514443
0.025321076
0.028429674
0.07138095
0.91967607
0.93966097
0.9245199
0.89820474
0.8026822
0.059430316
0.04341616
0.05456148
0.09963716
0.84752995
0.7441014
0.6508488
0.07761862
0.06255361
0.07304684
0.13227962
0.8468443
0.8242541
0.90536237
0.038212754
0.028147155
0.024637941
0.025877139
0.043596018
0.9269047
0.054802537
0.048210267
0.08284403
0.9215008
0.92936045
0.94477874
0.9335041
0.94421476
0.04298033
0.030432424
0.029382596
0.040231027
0.04588336
0.06105135
0.09720984
0.120279685
0.90717614
0.073625855
0.06968609
0.06284673
0.082343236
0.8808143
0.90278393
0.8459934
0.82195693
0.060842592
0.045329947
0.06742231
0.087481685
0.71907794
0.7113443
0.84628606
0.093355194
0.07890361
0.88660395
0.06737409
0.054624494
0.077507764
0.8729633
0.113099635
0.15099242
0.90604335
0.90714955
0.8817014
0.89785343
0.13631351
0.05074063
0.034269147
0.037473314
0.099163905
0.8908146
0.9402638
0.9500017
0.10016046
0.026417252
0.019043196
0.020751514
0.02958962
0.93378896
0.9532225
0.9732088
0.97011805
0.045164924
0.021079756
0.01685617
0.021833133
0.053665206
0.9419265
0.06779326
0.042440448
0.040988933
0.05207291
0.04554962
0.049815413
0.08305436
0.8554592
0.20765491
0.12322462
0.09883003
0.490293
0.1156418
0.120034434
0.4697698
0.43688276
0.08299966
0.0840886
0.15501407
0.15628305
0.8318458
0.9068244
0.91655076
0.8754165
0.25660738
0.09141355
0.7416715
0.03901995
0.02373709
0.019459981
0.036656726
0.92215604
0.9361053
0.90223914
0.07277668
0.042570706
0.04591988
0.08059364
0.6891796
0.16544338
0.28906032
0.913796
0.93412846
0.8941393
0.17310132
0.14346236
0.10901492
0.10688928
0.68159324
0.7154649
0.746613
0.7830442
0.81045055
0.7869817
0.7796672
0.71516985
0.7607042
0.6743059
0.7209347
0.8216014
0.8453893
0.83206576
0.8671301
0.8765642
0.86173433
0.2542159
0.17883562
0.11663712
0.110889345
0.11758178
