0.8433979
0.81353223
0.75707793
0.74702775
0.7699958
0.8017143
0.79927653
0.8221078
0.77862525
0.7481594
0.74584335
0.74819237
0.755286
0.30310884
0.13057107
0.113527656
0.09656867
0.091014974
0.0878879
0.091969565
0.18175268
0.7945132
0.6897898
0.6287076
0.58752686
0.13681833
0.09635393
0.1616116
0.15121362
0.26478463
0.32988966
0.23144728
0.23414387
0.18486023
0.6992002
0.14773628
0.15090577
0.12122813
0.10130046
0.102683425
0.14830239
0.19144222
0.76271737
0.7680181
0.87088686
0.8669229
0.7977268
0.08641528
0.08536351
0.07051245
0.08026153
0.112863995
0.14703421
0.20369993
0.84892756
0.31539252
0.33035633
0.5053984
0.8394931
0.86427
0.85391873
0.8424358
0.82560796
0.8128379
0.7914899
0.7719917
0.19497114
0.19049965
0.25919476
0.7871801
0.21958268
0.18092772
0.1676977
0.14936124
0.10319943
0.09897552
0.12716699
0.8568287
0.8762023
0.9124672
0.16921039
0.089969546
0.043433014
0.04095517
0.05527999
0.8546736
0.88109654
0.087904565
0.026320143
0.021591652
0.0272274
0.8994748
0.9383895
0.9635376
0.9556378
0.061612915
0.028410047
0.03465635
0.109253995
0.86489713
0.054194964
0.03501612
0.04048531
0.076034665
0.22680964
0.88901174
0.8231981
0.8078431
0.8185243
0.8359079
0.8547235
0.8874901
0.91813564
0.9173819
0.9076466
0.88144034
0.078200415
0.05149012
0.044258345
0.05201165
0.07690991
0.06977477
0.057100087
0.065009564
0.09717269
0.17830685
0.778045
0.2410088
0.13539279
0.087464765
0.045014445
0.067361124
0.083674386
0.15511982
0.8464908
0.16846555
0.2243278
0.1860543
0.8024524
0.081838615
0.074598774
0.072256394
0.069179796
0.09145356
0.8967158
0.8870565
0.22336327
0.2331928
0.2544232
0.23782308
0.23315182
0.30424848
0.84321094
0.79221433
0.73183787
0.10374878
0.06698765
0.14819455
0.89148515
0.899426
0.8568332
0.8478749
0.85249406
0.11518528
0.11323875
0.24365275
0.8969728
0.8490284
0.80554026
0.7852286
0.82896626
0.12546399
0.09006024
0.06841431
0.081480354
0.1343229
0.21840519
0.8925176
0.82060546
0.07191235
0.0695092
0.110212944
0.14425427
0.12371109
0.788459
0.8064209
0.279534
0.191228
0.13473967
0.14177442
0.11370711
0.10025621
0.13457428
0.66863084
0.16193438
0.18523414
0.3746943
0.7915487
0.75168484
0.21279748
0.3486166
0.385562
0.80308646
0.8207135
0.783152
0.1986905
0.14415869
0.12350389
0.70236677
0.76117665
0.15039043
0.11112682
0.099971935
0.84220695
0.86051947
0.87005436
0.86875266
0.8579086
0.84617114
0.860673
0.8783614
0.8777967
0.8859767
0.86314785
0.8335278
0.7512697
0.702419
0.060029477
0.03487518
0.03596916
0.04169025
0.06352355
0.8865752
0.8920463
0.87879205
0.07391194
0.061108947
0.04659234
0.047785643
0.075065814
0.9003937
0.04315381
0.049187504
0.8496476
0.9153308
0.08967485
0.06956248
0.055801753
0.09946391
0.09293163
0.061405927
0.040242974
0.036838595
0.052060667
0.74719214
0.65855175
0.06290425
0.057783794
0.10602171
0.77575487
0.88683736
0.9013057
0.88144165
0.36636806
0.24643265
0.729147
0.72854906
0.3441075
0.7208221
0.77253175
0.8453182
0.32807115
0.19897829
0.1268275
0.081377916
0.05911275
0.06104742
0.06931476
0.0761929
0.081275314
0.10195265
0.867216
0.8612695
0.10498627
0.037404034
0.03639774
0.20701045
0.9006024
0.90859747
0.9255598
0.93785673
0.925984
0.9101797
0.068262085
0.033880956
0.037415307
0.07848404
0.8271598
0.04247348
0.03508444
0.04150094
0.03969414
0.042146485
0.032916013
0.033722185
0.044258706
0.044880465
0.07425729
0.90387714
0.9179282
0.8941104
0.22203249
0.8148395
0.7796278
0.16670209
0.21917467
0.7994356
0.8165868
0.8974791
0.9103745
0.33151588
0.16294177
0.12966818
0.8393318
0.816183
0.13275544
0.06861668
0.06447327
0.08444518
0.09924244
0.11271035
0.1407778
0.19048025
0.1810322
0.8130514
0.16749796
0.20916349
0.79147637
0.32715422
0.16161981
0.12669508
0.14764684
0.20459192
0.8630029
0.8250634
0.66193527
0.5990679
0.5928521
0.62476635
0.73988837
0.85621554
0.8983218
0.9069294
0.9084434
