0.7852209
0.71359754
0.69971615
0.7579005
0.7590261
0.7735396
0.7733446
0.67878056
0.35069743
0.34593305
0.34046385
0.2734609
0.22838028
0.61312366
0.22723024
0.21048702
0.21074939
0.25001958
0.20013218
0.22592854
0.6568664
0.64999086
0.27926725
0.31221247
0.2738712
0.34814307
0.3245283
0.30045766
0.266994
0.84847313
0.8444945
0.7404738
0.17437853
0.11876927
0.10469961
0.11068505
0.17200747
0.1988862
0.3279167
0.86915034
0.43274447
0.20208667
0.17351943
0.20799062
0.19903025
0.24418522
0.24316263
0.19080354
0.7461802
0.16896331
0.23703231
0.24686137
0.8718009
0.32862946
0.124125354
0.07601929
0.069548875
0.07506967
0.052981198
0.04113968
0.03471733
0.031572554
0.031196384
0.032771606
0.046540685
0.81330806
0.06453792
0.058753297
0.10553341
0.1661318
0.91432935
0.95074356
0.95817876
0.9577318
0.95017946
0.9363666
0.93009967
0.9285802
0.9112108
0.04233357
0.026731437
0.022113478
0.019837925
0.019294335
0.019334229
0.019497301
0.019655267
0.037654612
0.9339129
0.9242068
0.11209765
0.10494655
0.81291926
0.84934956
0.8656516
0.8768194
0.8263566
0.14454456
0.16668254
0.9314502
0.94074595
0.93859035
0.9449564
0.953146
0.94276786
0.13973553
0.05997371
0.04083291
0.032573745
0.029925892
0.031443037
0.035176855
0.040064324
0.059965786
0.091170885
0.7821376
0.07952
0.07399467
0.08873446
0.17289384
0.7158943
0.75627005
0.7681178
0.13385488
0.12130131
0.14560151
0.16310912
0.20725371
0.2539319
0.35525355
0.6875968
0.68708855
0.72602123
0.826139
0.83717114
0.7830502
0.83098215
0.26757067
0.16969593
0.16045968
0.190833
0.26762304
0.30060983
0.22742774
0.22128588
0.28488857
0.3181861
0.79312694
0.81304896
0.1283186
0.13223132
0.20913398
0.30523345
0.8834708
0.8978088
0.86737674
0.3479972
0.2423367
0.17787942
0.7273041
0.74568003
0.7656627
0.74957156
0.20036578
0.17246693
0.14630614
0.75816005
0.8175418
0.8194521
0.35558248
0.27020082
0.14181985
0.1042853
0.7288797
0.7691835
0.12140069
0.10223786
0.112403914
0.15217862
0.8728148
0.8651725
0.83809096
0.8448695
0.8606828
0.8454928
0.7988494
0.80625385
0.75786626
0.7925996
0.8789751
0.88673884
0.8567605
0.8436292
0.7456332
0.7293324
0.2824342
0.14941049
0.13475241
0.12933305
0.15141709
0.21771145
0.21575727
0.7815771
0.6667506
0.6190847
0.7034918
0.64047027
0.71290517
0.86001796
0.9001428
0.90855575
0.3067051
0.117583856
0.057871275
0.03727811
0.0383314
0.081640325
0.8941471
0.85576165
0.12918802
0.09894239
0.043110773
0.03978189
0.07594005
0.9008621
0.91769725
0.9023643
0.9215807
0.040908344
0.0275502
0.029485404
0.038288973
0.035510678
0.032440994
0.033431485
0.038046915
0.12548596
0.9316417
0.94847375
0.961678
0.9555499
0.9105292
0.09475441
0.06378389
0.8067486
0.052055698
0.032946188
0.030048408
0.0314081
0.032811653
0.03864294
0.059341844
0.89784306
0.9087832
0.058792096
0.040272236
0.044622377
0.0876746
0.2511526
0.9437583
0.9338479
0.90198565
0.84932256
0.8246955
0.9026904
0.91543484
0.90667695
0.8543453
0.86698574
0.81071544
0.80860037
0.8532941
0.07294267
0.04451512
0.036050826
0.032438718
0.033057313
0.064890414
0.92024696
0.3149268
0.13756023
0.92582166
0.066781566
0.02590148
0.022564018
0.040268585
0.26592287
0.9244251
0.93010753
0.9268694
0.9214071
0.1407732
0.061406888
0.039912976
0.04656102
0.08993848
0.8568639
0.070314124
0.12125623
0.8940308
0.07772214
0.06896541
0.15424648
0.92673576
0.05636225
0.033901095
0.030097002
0.030012254
0.029597022
0.033953793
0.047820996
0.09153976
0.14990142
0.9310363
0.9186658
0.78315216
0.08622777
0.06621392
0.06324196
0.08634816
0.12241938
0.105852425
0.14670084
0.68776894
0.10605231
0.0911664
0.74730605
0.11227598
0.09715751
0.06322962
0.041410767
0.034081213
0.030967422
0.032219928
0.038030062
0.13069493
0.9371135
0.9535696
0.94591755
0.9419691
0.9322703
0.9166064
0.9020699
0.8988076
0.8409757
0.05255076
0.04019536
0.045932036
0.07408139
0.0930442
0.12337904
0.2171442
0.29027432
0.38851112
0.65492153
0.16942748
0.12089973
0.07595615
0.115986094
0.1503618
0.15523642
0.8172708
0.9176657
0.91110843
0.118089005
0.09196992
0.086956345
0.09383046
0.08879568
0.08956646
0.09635223
0.120014325
0.12518218
0.7961248
0.11602792
0.124469444
0.18776748
0.8245171
0.8863163
0.8956372
0.8738347
0.86196774
0.8274848
0.8422948
0.8041809
0.8103698
0.87296975
0.8750613
0.4472987
0.4310075
0.3745238
0.831066
0.787516
0.77753973
0.83856875
0.8131201
0.8672739
0.8412179
0.104298756
0.04649289
0.04790556
0.059859823
0.11388444
0.12544206
0.80723
0.7891886
0.11832672
0.1401152
0.4283828
0.8597399
0.81785715
0.7859777
0.7823028
0.7887108
0.08163726
0.12627816
0.84709805
0.8959211
0.9150233
0.915744
0.9177442
0.90974605
0.8668853
0.036542863
0.021748366
0.02126443
0.027363472
0.060507726
0.930256
0.9173818
0.8153416
0.76010686
0.064666346
0.055103008
0.0520644
0.05555867
0.10357275
0.25343266
0.8630911
0.92622286
0.8792047
0.18354289
0.16621195
0.1214706
0.10504989
0.111288354
0.16545126
0.23423982
0.40919366
0.8235172
0.27624395
0.73691165
0.83929616
0.8327661
0.36306933
0.43782476
0.4003449
0.28878188
0.8140179
0.28764206
0.14035857
0.091144055
0.09285811
0.13524309
0.24655302
0.94856566
0.9553968
0.93734473
0.84586114
0.055094432
0.07696446
0.76696813
0.8230324
0.053980205
0.055881955
0.061495304
0.04941642
0.066077866
0.8213309
0.8819783
0.8907398
0.94050765
0.94591546
0.09225023
0.035644032
0.032015376
0.037251994
0.03669706
0.038685527
0.051774673
0.04894831
0.053482812
0.039078414
0.051804166
0.8272971
0.039242163
0.023022955
0.04269638
0.93623054
0.93119574
0.9411882
0.94895196
0.9604466
0.9451877
0.069587484
0.031841483
0.035515517
0.7976901
0.054589383
0.050063375
0.04566097
0.041566715
0.057511136
0.81870157
0.082578346
0.07840631
0.07480987
0.069211684
0.07862487
0.15930721
0.68880105
0.7459168
0.7006917
0.68875176
0.6857476
0.22882433
0.20440513
0.23704453
0.2903858
0.2204446
0.48345923
0.44442314
0.2031481
0.30564624
0.7719758
0.8202009
0.7658739
0.21942595
0.16493711
0.1629203
0.22763096
0.68141055
0.4874993
0.48034874
0.7744731
0.85494363
0.86955696
0.85093886
0.5541264
0.56720746
0.7280743
0.6227945
0.49484655
0.26412383
0.21838191
0.6140499
0.15953127
0.15220024
0.14390598
0.17338362
0.74558365
0.39662078
0.17931528
0.6887038
0.2908216
0.19475469
0.30748448
0.87262326
0.89541054
0.8770733
0.7744176
0.7513507
0.84561163
0.2757292
0.20284414
0.22184949
0.7444139
0.10573646
0.07575375
0.062336393
0.064818084
0.086066164
0.104011305
0.7303012
0.73245215
0.83225435
0.859639
0.92717946
0.934703
0.85807973
0.06605139
0.044557087
0.046411425
0.7293901
0.065612845
0.050888836
0.0581827
0.16282228
0.29544005
0.8653806
0.05453967
0.031213928
0.023232082
0.020168724
0.020342289
0.06106057
0.9408579
0.9417561
0.8872821
0.06550839
0.033265527
0.026039543
0.025984008
0.033425055
0.07264519
0.81606513
0.1378825
0.09031594
0.0677363
0.066299215
0.12386598
0.7361775
0.6796213
0.15034541
0.11776536
0.16364244
0.0839545
0.07849632
0.095487915
0.15163814
0.74087846
0.36073124
0.29995513
0.723501
0.51235086
0.7709942
0.8409652
0.8093593
0.83565396
0.7691137
0.41893223
0.686282
0.5335285
0.52032113
0.70538825
0.22346307
0.22126111
0.16304763
0.15820079
0.64399916
0.27977797
0.2901964
0.35955468
0.3141974
0.3326821
0.26312944
0.30781907
0.8262744
0.8788341
0.81266505
0.68500686
0.51386887
0.43079183
0.4180954
0.3836589
0.2602213
0.21259683
0.2841216
0.49644604
0.86510015
0.8985657
0.8784588
0.15214631
0.09807844
0.0900998
0.116494
0.8952009
0.92348856
0.9143038
0.91974026
0.91301554
0.89728117
0.89650595
0.8820711
0.85400975
0.8621421
0.83283097
0.2175342
0.1367127
0.14753413
0.2625934
0.85460365
0.85857433
0.6770286
0.4323866
0.2910812
0.23637553
0.24323863
0.27508888
0.37889597
0.626634
0.6763383
0.795515
0.78632885
0.4525662
0.60375166
0.6612845
0.7644051
0.43651864
0.28768423
0.23308472
0.23317006
0.68495053
0.0939003
0.06452887
0.063848205
0.0652106
0.06543752
0.06384771
0.054386135
0.046643786
0.042521954
0.043071985
0.04021266
0.05417748
0.9292942
0.9441394
0.91720116
0.25360355
0.18319815
0.13814205
0.08424685
0.057842694
0.05129014
0.05797176
0.06258874
0.07403925
0.10255349
0.15467718
0.32872075
0.91226375
0.91059065
0.8998869
0.21146913
0.094987795
0.10621407
0.14783412
0.8764278
0.078490146
0.06780236
0.055340532
0.048952334
0.072479285
0.89476985
0.86946076
0.8661921
0.31112537
0.2602302
0.19829652
0.119174816
0.15223792
0.87049663
0.8782003
0.8888405
0.86797446
0.886158
0.871723
0.79098463
0.747469
0.8208615
0.87692475
0.88295376
0.86445487
0.88854694
0.8764281
0.8967535
0.8819184
0.13620749
0.09926854
0.10517526
0.13840492
0.20231041
0.6276169
0.14778474
0.13680209
0.189449
0.34258306
0.37134776
0.41863355
0.26099867
0.2161594
0.20142111
0.17570804
0.17823598
0.19282286
0.18677731
0.21508771
0.29259247
0.75599843
0.85133076
0.8450739
0.8250784
0.88381684
0.9059399
0.8755524
0.076649435
0.06440712
0.07069296
0.094211645
0.10307626
0.09553855
0.838551
0.8991271
0.90921897
0.89368576
0.85772604
0.18423441
0.14200835
0.11893482
0.098205686
0.09659132
0.11785605
0.6585689
0.71358764
0.6375891
0.6262509
0.69695795
0.6302869
0.67976266
0.7963014
0.8481276
0.8162051
0.2385211
0.26403487
0.23396225
0.15312979
0.10055864
0.114963345
0.13528945
0.8647273
0.873051
0.9057419
0.8955714
0.8205846
0.77550477
0.8501942
0.8389029
0.16749063
0.14976901
0.15539663
0.20149541
0.2232349
0.24421059
0.2701294
0.25816494
0.32076648
0.38039443
0.37820333
0.3296122
0.9288396
0.88420075
