0.8006065
0.71567225
0.722237
0.8066868
0.790897
0.8290934
0.32936153
0.37327394
0.28935808
0.3266459
0.6685986
0.18089344
0.63190335
0.096725754
0.06657141
0.076595165
0.1041439
0.7491111
0.31772932
0.17360385
0.12375932
0.7390719
0.7363341
0.77146554
0.773984
0.7744061
0.08443714
0.058505397
0.05340363
0.05510959
0.06841774
0.055889692
0.060309816
0.7751995
0.15831348
0.7360289
0.15817492
0.12315264
0.1149455
0.12989023
0.09948793
0.21733871
0.2918369
0.34146628
0.29955202
0.76127154
0.66580564
0.63042134
0.6416266
0.6418418
0.109572634
0.07897127
0.08910303
0.1564709
0.31430635
0.886254
0.8544647
0.28616866
0.23047513
0.57239014
0.21080899
0.6471213
0.71071833
0.79355955
0.84362006
0.8412639
0.72925323
0.26666373
0.7849936
0.17229366
0.12947087
0.72988987
0.7802427
0.35778192
0.24489194
0.119116485
0.078611836
0.10367541
0.6984601
0.5322742
0.73436546
0.060614128
0.042668447
0.048118617
0.07498294
0.16520205
0.8258718
0.17140183
0.080912165
0.08190467
0.1015612
0.7520384
0.06828001
0.06805657
0.16128643
0.7864226
0.2053603
0.8511496
0.8372496
0.8314176
0.79819494
0.74658406
0.7261116
0.17293811
0.8184262
0.123371094
0.07797625
0.08861266
0.7785533
0.22241142
0.17736189
0.10858329
0.11215903
0.830364
0.84595686
0.21914814
0.15497628
0.10382726
0.11016201
0.16950843
0.7513014
0.3967978
0.09052763
0.09540406
0.6756543
0.049835753
0.033013064
0.030885875
0.03756416
0.07739763
0.9136298
0.9513655
0.95692617
0.964539
0.9646788
0.09187801
0.03573088
0.027281936
0.031330183
0.05404334
0.87792796
0.13583641
0.219264
0.87634367
0.8738502
0.08707404
0.071823224
0.07845196
0.6489907
0.12871435
0.7681097
0.068464756
0.07615123
0.051201444
0.04242855
0.04278606
0.045015387
0.88042724
0.89966077
0.928668
0.9582116
0.9551284
0.067841254
0.034843735
0.030571258
0.040435977
0.046356477
0.068051815
0.9123072
0.23508796
0.8424185
0.04696808
0.032881666
0.034635134
0.04964936
0.09778759
0.17005436
0.2401824
0.23773006
0.12092535
0.105150715
0.08775437
0.08038825
0.07813395
0.08153183
0.09536563
0.12909392
0.6626421
0.7036948
0.8278108
0.8208105
0.86658424
0.825973
0.2959895
0.11477752
0.08880744
0.07130664
0.05911078
0.0591842
0.10606548
0.15894763
0.15371999
0.9317875
0.9406835
0.10266708
0.0324957
0.025533173
0.025194291
0.036346916
0.7255825
0.06941337
0.097390465
0.20960706
0.89204544
0.92641056
0.09504289
0.064739406
0.03422405
0.024601007
0.020894567
0.022601685
0.0498931
0.8739414
0.8759231
0.943068
0.9563813
0.9483472
0.27896252
0.11523625
0.08642692
0.87854147
0.8535349
0.8765678
0.91160786
0.07587911
0.04632373
0.064722754
0.87119955
0.9177118
0.13909279
0.0517538
0.040449146
0.066408835
0.17882428
0.9136099
0.15362874
0.09243489
0.8310052
0.14902626
0.15132369
0.15436886
0.92609996
0.92596614
0.16181952
0.05199117
0.044549923
0.05099639
0.09750238
0.7631664
0.724544
0.73158914
0.15470883
0.15829605
0.16187066
0.14677642
0.064062394
0.06317891
0.055738878
0.06544087
0.114349365
0.9207978
0.8797623
0.09080031
0.030009447
0.023853485
0.025623325
0.024246026
0.024666587
0.040946968
0.90680254
0.9034184
0.92433417
0.951266
0.9517471
0.9238793
0.88583595
0.87884104
0.053249955
0.034232482
0.022825243
0.022120647
0.023088215
0.0308688
0.07894772
0.889519
0.8569657
0.890089
0.85959667
0.80450696
0.076728344
0.055650443
0.059244554
0.090709805
0.24843752
0.8379538
0.7241916
0.6203813
0.58595395
0.6178983
0.690581
0.78262883
0.752222
0.80874085
0.8949794
0.20582364
0.060088556
0.03879701
0.030633472
0.030940777
0.03932936
0.16399981
0.91409373
0.89832217
0.87855726
0.91302
0.90659004
0.9251446
0.9102101
0.85039055
0.8265596
0.06674734
0.0418526
0.03574329
0.038785312
0.04475268
0.065326065
0.14051928
0.7754269
0.8872652
0.88815564
0.53563994
0.45308015
0.2492317
0.19740206
0.24434343
0.60481465
0.20467648
0.15150405
0.137449
0.12570405
0.11229643
0.097243056
0.095513046
0.14070727
0.7372217
0.8247406
