0.9445939
0.9272561
0.8527347
0.8273622
0.8806737
0.8631113
0.23178598
0.15590209
0.15094702
0.17403004
0.58579314
0.18892214
0.16746832
0.16676615
0.16917798
0.19183187
0.23916827
0.20103753
0.16447988
0.18691854
0.270087
0.42986482
0.87159765
0.8733018
0.45838487
0.49768388
0.42104092
0.8177985
0.4139979
0.30390015
0.30980074
0.7806011
0.7487541
0.6031914
0.54254615
0.5354906
0.61732924
0.73749495
0.7506369
0.6325704
0.66761833
0.40679193
0.28133
0.14259373
0.11651536
0.14528264
0.73143744
0.7515892
0.7112877
0.67751276
0.12216629
0.077812724
0.09763051
0.16400181
0.3537464
0.7223022
0.28757808
0.23064213
0.6203279
0.14246549
0.10852152
0.11318202
0.14052528
0.2846335
0.71424466
0.6384049
0.6344407
0.68427885
0.1257211
0.075103045
0.08379865
0.13279705
0.30600008
0.8206742
0.5123957
0.40443358
0.10254538
0.07484205
0.06447275
0.060769722
0.061638653
0.07661993
0.12919539
0.87942636
0.9090026
0.08709328
0.060955334
0.06071374
0.067507386
0.60840017
0.060114447
0.041320782
0.030426452
0.027096255
0.025062965
0.02197637
0.019675301
0.019165967
0.019734079
0.01985284
0.023920678
0.079212636
0.91626465
0.9379616
0.9368261
0.9489646
0.9406092
0.05754429
0.047653027
0.0341552
0.038811147
0.059447784
0.16296215
0.9512368
0.96871924
0.9705201
0.9625546
0.07660151
0.032992937
0.025004696
0.021722632
0.023946945
0.03651558
0.8590488
0.8744421
0.9142279
0.92742515
0.917088
0.9149791
0.069107346
0.041823164
0.043584723
0.07941982
0.8335797
0.7856366
0.08676131
0.1260012
0.11755398
0.12539023
0.22018437
0.7808172
0.7628716
0.22044663
0.1557091
0.7674228
0.7681119
0.80526686
0.8170642
0.8502114
0.9035107
0.9290494
0.9219973
0.1919509
0.26659137
0.9075107
0.11346893
0.06318563
0.04870475
0.033698313
0.027461283
0.025795124
0.026734812
0.03062223
0.041009724
0.053810142
0.044782717
0.044748463
0.07491512
0.90938437
0.09270195
0.05861595
0.047509737
0.042771064
0.04178393
0.045269545
0.0520827
0.064427204
0.078934275
0.07857465
0.11308222
0.078142755
0.07060255
0.060178332
0.069914706
0.07318434
0.10686773
0.9051056
0.05531942
0.048740074
0.09597699
0.9341751
0.89477843
0.06895038
0.027507387
0.015037641
0.010967565
0.010237803
0.010494299
0.012225315
0.021522857
0.92201674
0.94995254
0.97144115
0.9743814
0.9658053
0.9444062
0.92789006
0.023866517
0.019743158
0.02469155
0.035402752
0.03726815
0.046742942
0.07859452
0.08328301
0.042431396
0.03183105
0.0356416
0.84463865
0.8779629
0.8345885
0.1362181
0.1262814
0.081114516
0.061926313
0.07507668
0.15802012
0.78499764
0.7975467
0.058054466
0.04425803
0.042203214
0.03569057
0.031591587
0.034382973
0.05784347
0.86809915
0.8667529
0.90575486
0.88659114
0.9034565
0.8441181
0.83837503
0.8606753
0.8523666
0.09586811
0.08642097
0.07215477
0.06395941
0.07337727
0.0583351
0.066629305
0.78757954
0.81757754
0.80921507
0.8919854
0.05939504
0.035794463
0.028893253
0.026653558
0.036543135
0.90875125
0.040575013
0.03286541
0.067849874
0.9312275
0.94136965
0.9539818
0.9430476
0.952982
0.039760884
0.028023757
0.023582274
0.025031576
0.03035407
0.04116031
0.06875395
0.124950685
0.88324726
0.072105505
0.05572848
0.047238458
0.056684237
0.90864646
0.924278
0.86879873
0.8430218
0.07621059
0.07704769
0.12819014
0.15007108
0.5533568
0.6466116
0.748764
0.23648405
0.19562395
0.25225243
0.194736
0.18809065
0.17864561
0.51660705
0.22009175
0.30938387
0.8532358
0.8731448
0.8469637
0.8490249
0.72305465
0.12699474
0.07739862
0.08691902
0.19735743
0.8388611
0.9123546
0.9273131
0.17754379
0.04392411
0.02241211
0.018744601
0.023109589
0.9328975
0.9691115
0.97236955
0.96465987
0.06679043
0.042749032
0.04793925
0.06892889
0.17288464
0.8265549
0.2807296
0.19102487
0.20511143
0.28711492
0.26361787
0.3346058
0.5815144
0.79842347
0.45557168
0.25396454
0.17010738
0.14097467
0.13704395
0.13858682
0.5252346
0.5344702
0.5663073
0.33055297
0.22638945
0.22016454
0.24292532
0.78209984
0.70637894
0.72088635
0.84528613
0.8664103
0.7605027
