0.89959717
0.85505784
0.8103517
0.8290199
0.82672936
0.82629126
0.8307142
0.15930538
0.08589005
0.084421724
0.11687185
0.81309545
0.8748077
0.87257427
0.87856084
0.15560345
0.10931816
0.09508458
0.10088321
0.7691639
0.80381495
0.7826803
0.82992107
0.15401487
0.10402185
0.12164802
0.10226045
0.08287697
0.0790741
0.08494518
0.06737178
0.056180846
0.071783915
0.7878061
0.7892923
0.8147499
0.8487874
0.3059992
0.28457266
0.27171135
0.8354112
0.77152175
0.82373947
0.7986195
0.83442307
0.11411034
0.0919743
0.092758454
0.1361118
0.21093273
0.70991606
0.718423
0.7602271
0.800104
0.83036536
0.8179981
0.81577194
0.7798695
0.7629576
0.7839205
0.8327027
0.3161091
0.27078983
0.21280748
0.18993612
0.1503976
0.053184666
0.06054528
0.053180125
0.06388741
0.08173453
0.10519312
0.114222944
0.14496587
0.209761
0.8880198
0.2802513
0.17398103
0.090243526
0.043665487
0.049278602
0.88544333
0.9060427
0.92469394
0.9343593
0.93834573
0.053978696
0.025316674
0.023371512
0.033851746
0.054444417
0.8728115
0.104024686
0.0689973
0.06397366
0.06886332
0.081641294
0.08747908
0.091606684
0.8712254
0.19661866
0.21752283
0.8910212
0.90681064
0.8992605
0.79411495
0.71838945
0.8054562
0.9040936
0.21038792
0.076039016
0.06516881
0.05954472
0.059295367
0.064384885
0.11088626
0.7941515
0.81697947
0.88879246
0.90104306
0.87560964
0.87133205
0.16735782
0.10040614
0.07048371
0.06709854
0.0821035
0.08330594
0.14578152
0.8689623
0.31828472
0.19304231
0.19368272
0.23984148
0.6845071
0.6907104
0.71911204
0.7742511
0.37370846
0.31874427
0.2771573
0.31958297
0.85808325
0.8154646
0.78931266
0.08989536
0.06672747
0.11967641
0.87721306
0.2768911
0.14687951
0.08306825
0.07291165
0.07032957
0.07596881
0.11080314
0.14436556
0.8410562
0.8083036
0.83418417
0.8927732
0.89769405
0.22887237
0.18535687
0.11762074
0.13658234
0.89707035
0.90038276
0.12625279
0.089610405
0.15962538
0.18047519
0.21031621
0.90558916
0.9395011
0.9346605
0.9238313
0.2100053
0.107904226
0.06706697
0.060403913
0.095901385
0.81887543
0.8147161
0.87289727
0.19795051
0.10179504
0.09468277
0.1223367
0.8277605
0.8556932
0.20333827
0.103535265
0.056780107
0.04981004
0.04711008
0.073148444
0.20467593
0.9128816
0.28346312
0.10649302
0.1754979
0.77733105
0.075178005
0.07766421
0.23435806
0.87228656
0.8901828
0.89954454
0.8946922
0.89496166
0.13644515
0.062726654
0.033488613
0.028354187
0.032693494
0.08406847
0.915876
0.89429224
0.11922336
0.083906695
0.07637512
0.0813746
0.0751865
0.072496116
0.11476771
0.11684582
0.13878246
0.08718597
0.0660304
0.051060252
0.04049591
0.03428345
0.03160679
0.029893555
0.028586125
0.02924042
0.03178857
0.03577497
0.035190836
0.043453313
0.10177654
0.26931
0.9318157
0.93847495
0.92251694
0.91084063
0.9110818
0.93543106
0.09207407
0.041043304
0.031185288
0.033571098
0.034623023
0.03620988
0.03321139
0.03772566
0.06535447
0.09330058
0.069101185
0.8501509
0.0879598
0.13781801
0.178173
0.14403936
0.117600486
0.102580965
0.75132996
0.7349956
0.69529444
0.6508838
0.6377327
0.28858334
0.26325116
0.2779794
0.26271433
0.18078408
0.15065159
0.16922139
0.21375021
0.6790296
0.21517588
0.18933342
0.23233932
0.18166417
0.15480983
0.17573656
0.2707778
0.33707666
0.74851996
0.41982824
0.56246847
0.42743227
0.3042573
0.47338617
0.85712063
0.82374054
0.1253329
0.071892604
0.06992553
0.073530816
0.074721694
0.06893991
0.055684872
0.047640175
0.039610274
0.041296605
0.08798133
0.8888022
0.87901133
0.8701564
0.8697688
0.8774282
0.91105527
0.9136489
0.90738595
0.8878826
0.8217245
0.74246323
0.052751895
0.043551106
0.056896236
0.08878553
0.10775184
0.2276739
0.8374874
0.082955115
0.0716413
0.055141523
0.043783672
0.042592965
0.096227296
0.92967254
0.94222146
0.927288
0.9088345
0.8557573
0.851049
0.8667513
0.9077136
0.9017194
0.08336269
0.056811463
0.052183453
0.072677955
0.1291805
0.26445332
0.7608391
0.73657626
0.28053582
0.15698762
0.10498808
0.091649406
0.10314985
0.121423475
0.14979944
0.32850567
0.90521467
0.8600362
