0.27687976
0.61405504
0.30537194
0.27706552
0.16919951
0.14208779
0.18730834
0.27584794
0.37506416
0.7231867
0.7763627
0.6791588
0.723223
0.33232144
0.52490616
0.18322612
0.15600105
0.17157
0.49100775
0.21857333
0.24147885
0.7129747
0.2772705
0.21153773
0.17962499
0.15918067
0.15542373
0.14885217
0.14523952
0.14845897
0.16439933
0.24449235
0.65007114
0.39786696
0.20506638
0.17712621
0.6024585
0.16697057
0.1353546
0.11487306
0.09633528
0.08762796
0.09178658
0.120092615
0.18254599
0.7228856
0.79198444
0.34795412
0.8260048
0.24494323
0.16436498
0.75175506
0.11133902
0.043847825
0.03789516
0.0672231
0.85604453
0.90586483
0.9395113
0.9332859
0.8874901
0.85036
0.041314226
0.025456255
0.02396725
0.031199887
0.055674493
0.16650295
0.88756675
0.21051632
0.75844574
0.79388493
0.12120688
0.08491603
0.097216964
0.74536663
0.8558778
0.895147
0.8836094
0.053017326
0.026730966
0.024848768
0.025419012
0.028864069
0.04800148
0.91215026
0.10703213
0.061982717
0.050158605
0.06693791
0.06471386
0.8460474
0.08023897
0.035626404
0.028405083
0.050716326
0.919446
0.89016736
0.033118814
0.022352068
0.036925357
0.88261753
0.9286201
0.95896864
0.95503724
0.9240052
0.8988129
0.028301133
0.017883437
0.016949328
0.01927628
0.026404664
0.044854816
0.16283096
0.8702776
0.84636015
0.0595724
0.037731647
0.03614168
0.04958107
0.12927945
0.9070391
0.8022537
0.7867276
0.87134725
0.04534939
0.042840492
0.80508274
0.025411297
0.023526188
0.02725674
0.022321772
0.030859463
0.936263
0.9621757
0.96514964
0.96883214
0.9655017
0.041384086
0.027004346
0.019374756
0.01821805
0.022031017
0.033401426
0.047153544
0.8917565
0.93106437
0.93111265
0.082796544
0.044909153
0.034970336
0.034787368
0.04333524
0.08356345
0.87380177
0.090907164
0.06780173
0.06856407
0.07652837
0.07023653
0.87531507
0.87584394
0.9053053
0.948316
0.9446176
0.08224657
0.046904914
0.051378395
0.084574446
0.13063605
0.7786969
0.8319547
0.8183957
0.79965454
0.024346648
0.022469677
0.0247558
0.031810977
0.12265026
0.8939083
0.91654843
0.897321
0.867107
0.85544646
0.8251219
0.83669424
0.096078984
0.04326821
0.031510442
0.031976305
0.05058469
0.8005892
0.870832
0.85902953
0.32862335
0.18084472
0.16548897
0.09814708
0.10051857
0.6436216
0.0884384
0.09483847
0.16726243
0.2511725
0.32329422
0.9076418
0.9180848
0.85895675
0.053088192
0.044563442
0.040183112
0.03636964
0.031642567
0.036414433
0.07192517
0.9109702
0.88564974
0.92163604
0.9156132
0.78871983
0.056485534
0.045775034
0.06225931
0.23825017
0.8954837
0.100025296
0.0827754
0.8418159
0.9005918
0.08528591
0.049985915
0.04368606
0.05052119
0.83336425
0.7980712
0.83046293
0.8902112
0.1228543
0.081351146
0.10246396
0.102005035
0.7957973
0.81784433
0.12992907
0.08283489
0.7227148
0.74448574
0.83947474
0.12727217
0.07370772
0.053736653
0.06856776
0.7303373
0.80519366
0.92034394
0.9496856
0.9322835
0.12494461
0.06749069
0.053222947
0.049284365
0.05939317
0.06843871
0.08073784
0.6919754
0.65835637
0.14965534
0.08698638
0.06536339
0.04706195
0.036544275
0.032016758
0.03426207
0.04488427
0.11859088
0.91672635
0.9305131
0.94869834
0.94477224
0.075618625
0.040041354
0.033261467
0.043548424
0.07872243
0.8130025
0.38618752
0.346828
0.19955641
0.19738212
0.64857227
0.6820233
0.7514275
0.73530555
0.78548175
0.81469166
0.07047966
0.07728403
0.08090596
0.08888213
0.2560643
0.888352
0.05267646
0.029820751
0.025274292
0.02462022
0.07450039
0.9296659
0.93402696
0.8983602
0.8402627
0.8042225
0.0531838
0.051122606
0.061944805
0.07549315
0.19057208
0.9064009
0.90851337
0.1800451
0.114561334
0.09321046
0.10184072
0.12559983
0.19508067
0.4027235
0.67397636
0.34831092
0.35553533
0.23620784
0.21853538
0.3068575
0.55417866
0.7102969
0.38509288
0.26689225
0.4102777
0.22413263
0.18468414
0.20987548
0.4898624
0.36789492
0.58133274
0.8220017
0.87294483
0.5762747
0.4655827
0.2564953
0.18915075
0.18573558
0.20351322
0.18578671
0.5952081
0.26837826
0.5632284
0.5047617
0.5245384
0.5755715
0.6495837
0.7715052
0.86603194
