0.8482065
0.8701359
0.8779452
0.85748696
0.7615675
0.641958
0.27533862
0.22551067
0.6093745
0.6480294
0.15895833
0.13742404
0.1801147
0.33023334
0.79545265
0.7637413
0.7636853
0.76282644
0.66084886
0.6874563
0.758594
0.097931325
0.056177605
0.06674905
0.10600737
0.9026258
0.88070595
0.2146517
0.18015489
0.84404373
0.8796619
0.91084033
0.9189687
0.9197767
0.9046388
0.8303459
0.78246963
0.80638325
0.87706274
0.8859749
0.5224234
0.3078897
0.3007407
0.80652785
0.73038274
0.73101956
0.2283698
0.1312058
0.14239682
0.11967145
0.10837359
0.12790017
0.5906034
0.16108967
0.15139428
0.1414578
0.15543194
0.21946046
0.4539462
0.7391309
0.7061704
0.34932724
0.8150365
0.23382929
0.1909389
0.2082446
0.25449324
0.23793308
0.2782906
0.2672853
0.290427
0.7182443
0.32786322
0.58325267
0.59965044
0.61530256
0.61833155
0.6467945
0.66894144
0.6879193
0.72459906
0.7663679
0.7518138
0.47786784
0.361675
0.26863027
0.17278692
0.21560459
0.7859308
0.78860736
0.77480215
0.7630833
0.75962454
0.7414142
0.71135354
0.7124199
0.11821439
0.07565119
0.101441674
0.10113844
0.09529681
0.103436366
0.8628968
0.070622884
0.04972793
0.06177119
0.13400063
0.7667807
0.8154673
0.83931756
0.18201937
0.1368804
0.17177156
0.19323882
0.19580193
0.20803663
0.20205835
0.14882901
0.116903804
0.12882198
0.2045797
0.27399212
0.24476533
0.731429
0.7640217
0.6617185
0.62163216
0.21496673
0.25850797
0.6850219
0.7509022
0.83865434
0.35336268
0.29153833
0.15424363
0.13419639
0.7111038
0.7096614
0.7032697
0.6934156
0.09311901
0.04253101
0.04460629
0.11711412
0.92264974
0.92951673
0.06544061
0.03804358
0.038756076
0.041520383
0.04324914
0.031522837
0.04159573
0.9053488
0.90682614
0.91614866
0.098325685
0.053110216
0.073170185
0.049362168
0.037611265
0.03717412
0.04587524
0.050294362
0.05769357
0.10285332
0.9260805
0.07171906
0.046874933
0.04954552
0.1254033
0.85263747
0.8285484
0.8768404
0.9221148
0.9271028
0.9259681
0.9157533
0.8951775
0.90396196
0.8927028
0.89433056
0.8951688
0.9105357
0.09080792
0.055822007
0.049886093
0.048452467
0.05660418
0.065330125
0.08706244
0.110409774
0.90745425
0.061110426
0.048099533
0.07681599
0.82027274
0.8133845
0.7003222
0.69986624
0.09851787
0.11779221
0.30569988
0.8792246
0.11671961
0.07326077
0.076810226
0.09895518
0.8106821
0.26773843
0.10407074
0.0855022
0.7674578
0.7825733
0.21803392
0.090119116
0.09312546
0.18302567
0.8843305
0.77231234
0.6829597
0.059010975
0.05929392
0.08386272
0.14094183
0.18502043
0.20335412
0.9097251
0.90946513
0.33346954
0.14261314
0.07764449
0.05745311
0.056166057
0.08597132
0.18142596
0.31201786
0.7860343
0.81112677
0.8167224
0.71825266
0.2230391
0.16997829
0.1552407
0.17834923
0.37797418
0.8473526
0.8827641
0.87533504
0.46891713
0.40475258
0.34747213
0.4005361
0.38606238
0.7315128
0.80451834
0.7921843
0.8166762
0.7929848
0.6701181
0.7026718
0.843065
0.8672788
0.84332967
0.19518624
0.21320234
0.18720816
0.335986
0.845804
0.7918418
0.8071689
0.69851923
0.62239707
0.7065787
0.82304347
0.85075295
0.83563906
0.8495836
0.8369312
0.42237303
0.27718115
0.20778398
0.22059163
0.71374315
0.64046353
0.4503547
0.55896753
0.48681736
0.28130698
0.19864973
0.39482337
0.12870476
0.1056482
0.1512664
0.17066455
0.19644436
0.2727283
0.8550538
0.72653663
0.16669144
0.22399999
0.1716498
0.28572762
0.8900705
0.91962403
0.9166377
0.8943296
0.8445362
0.72268605
0.65026903
0.7699641
0.4325548
0.33698836
0.36109382
0.44379964
0.673048
0.71072227
0.39725384
0.39949104
0.28248274
0.22466789
0.20405763
0.25649166
0.6073074
0.64597607
0.6119073
0.6371849
0.6876323
0.7382956
0.7209345
0.59710217
0.577356
0.515015
0.39769417
0.3175439
0.3596053
0.4366727
0.4832524
0.37102604
0.2765507
0.27969414
0.31571314
0.3368457
0.2898906
0.25812125
0.1596687
0.16297534
0.724345
0.84268653
0.84928113
0.87016815
0.83374
0.8103095
0.7168845
0.19150876
0.13371369
0.12190984
0.11945696
0.12941527
0.18079549
0.2524194
0.2834095
0.4159038
0.62501955
0.22397019
0.19066012
0.36444697
0.86324143
0.9321
0.8815364
