0.9339477
0.8906422
0.873843
0.23045881
0.23670405
0.16337451
0.13610585
0.14048815
0.21687068
0.20313282
0.1952976
0.6410555
0.20888604
0.61612314
0.13064592
0.09851854
0.102333225
0.14845522
0.24522515
0.43056053
0.87848294
0.8664217
0.2756493
0.357813
0.7873236
0.19225581
0.09607057
0.091571175
0.10800442
0.18614742
0.24062309
0.8748922
0.8849901
0.8285861
0.85267305
0.17972706
0.26546475
0.2118047
0.78679055
0.7813777
0.7252642
0.12052162
0.105508976
0.14001048
0.79511005
0.3101329
0.10757576
0.05481022
0.043988213
0.047540586
0.07172665
0.7980467
0.16700728
0.13966061
0.651495
0.2491813
0.29194936
0.7601455
0.13203554
0.11989321
0.11613402
0.112689294
0.12522827
0.17652561
0.66402465
0.6284885
0.6151865
0.6342657
0.68702835
0.7386995
0.8055282
0.77496547
0.820205
0.26825732
0.14352933
0.78568786
0.087088
0.033508226
0.028920759
0.05011828
0.8745052
0.9190407
0.94749457
0.9414822
0.9163379
0.895633
0.030985445
0.019879358
0.021386338
0.03318097
0.060235824
0.13352662
0.1569285
0.103747725
0.10675646
0.10681241
0.06685637
0.07433328
0.0833153
0.3078474
0.8317693
0.28322092
0.067407325
0.05861527
0.054307554
0.053360704
0.06883527
0.80312604
0.06240785
0.056168932
0.07677093
0.07143249
0.07161556
0.07555515
0.066291355
0.83613634
0.07113073
0.036562867
0.03473536
0.09907865
0.9092873
0.1725874
0.45291078
0.8973527
0.90033126
0.9030908
0.909887
0.8629121
0.8584907
0.06334368
0.030092523
0.022883821
0.026498038
0.041808046
0.13375485
0.87451255
0.86028236
0.07775388
0.08212629
0.09778889
0.09711422
0.07559737
0.06410603
0.09338524
0.82393503
0.84244895
0.14449094
0.14919835
0.78639996
0.7960573
0.03955476
0.031106602
0.034556694
0.06696018
0.8811404
0.93909025
0.9473696
0.9598111
0.9546098
0.09473805
0.03898553
0.03523109
0.06005348
0.908752
0.88899505
0.2420448
0.27922532
0.8796529
0.8999447
0.8542432
0.048678823
0.0284156
0.024982896
0.022760946
0.025499385
0.03310574
0.06911317
0.10547998
0.89900136
0.906813
0.848792
0.85519564
0.88318557
0.8937089
0.9443331
0.9476654
0.07464624
0.0388196
0.033737447
0.03880181
0.052860115
0.06946255
0.09899397
0.14507046
0.07285127
0.0554825
0.046282154
0.044802457
0.048748616
0.121106796
0.8907628
0.9305578
0.93538404
0.92919606
0.8552672
0.77548575
0.7859431
0.043152902
0.027355604
0.026592545
0.030803392
0.04312956
0.16797976
0.9164893
0.8565692
0.5541083
0.29001284
0.88118804
0.8163408
0.05065267
0.03944557
0.044740107
0.12953492
0.25903237
0.9208798
0.901683
0.8953533
0.3807437
0.17648984
0.08733616
0.0670295
0.07611128
0.592777
0.61424637
0.21003161
0.35003868
0.77848315
0.7967488
0.8840792
0.5180424
0.3870513
0.1898363
0.11595693
0.110347845
0.15496135
0.56233394
0.25316817
0.4018544
0.88222826
0.91905415
0.8945344
0.12886758
0.07540354
0.0824661
0.75609434
0.70262855
0.73240393
0.81433505
0.12569955
0.089623846
0.099875994
0.58248436
0.15906794
0.17277099
0.12454058
0.11710342
0.16011092
0.2439234
0.25918567
0.14445329
0.090283535
0.08626621
0.11638168
0.13621041
0.15756324
0.93284327
0.9444762
0.8660619
0.804767
0.032222968
0.032342725
0.035231225
0.047416028
0.6465713
0.03956001
0.039732333
0.05350158
0.14726506
0.87870044
0.043214943
0.029366693
0.025210554
0.029153144
0.06822558
0.9223647
0.8881847
0.04258077
0.02771978
0.028117875
0.031964276
0.026570516
0.027588181
0.054870125
0.90522426
0.90670794
0.93032503
0.9522499
0.95316154
0.9238542
0.8834224
0.8700133
0.061664138
0.039350457
0.025075078
0.024174882
0.023089312
0.024749435
0.040860575
0.8327729
0.8366721
0.8956089
0.8763188
0.7824382
0.09385294
0.06739037
0.069521286
0.12152576
0.44298357
0.8972746
0.102122195
0.0536401
0.042517405
0.043834556
0.09852994
0.9121204
0.17845473
0.27796176
0.9145075
0.9127424
0.848259
0.037804987
0.023450816
0.023327928
0.036151033
0.8827381
0.9134278
0.8951605
0.88929915
0.90572906
0.8605699
0.081082985
0.07836363
0.080591395
0.09422288
0.82881427
0.84282875
0.14003687
0.055872984
0.04757512
0.051802423
0.07670576
0.12837373
0.31165174
0.86451095
0.33141723
0.3017561
0.18569499
0.15488738
0.5906374
0.6025874
0.53448755
0.11840247
0.09976459
0.10960812
0.12813005
0.4797245
0.402157
0.6585622
0.7668648
0.8361842
