0.8157466
0.72776544
0.7087538
0.7759633
0.8594931
0.8897431
0.88058466
0.87870044
0.79929286
0.16561683
0.07591439
0.06974144
0.11252258
0.7611431
0.89582276
0.9078124
0.259546
0.060252137
0.03548613
0.033972092
0.05841412
0.8987833
0.95148534
0.95207393
0.9407761
0.061098106
0.031322107
0.033317078
0.04870891
0.0974223
0.89197934
0.07796667
0.062242348
0.07202648
0.1108148
0.32984897
0.3203321
0.70105803
0.78201205
0.13932885
0.11566797
0.10567887
0.10076506
0.10954036
0.13782999
0.6145287
0.5704865
0.5484427
0.5476894
0.17269407
0.19818695
0.30610743
0.46829474
0.82130796
0.82284933
0.84472907
0.35819224
0.2224353
0.20013776
0.17954576
0.15855087
0.13574813
0.11438104
0.09460093
0.081288815
0.078330606
0.14887519
0.8335676
0.79693544
0.78955746
0.83744335
0.8955931
0.91053975
0.88772744
0.1943811
0.10193954
0.11460826
0.13175175
0.2204604
0.75166684
0.0709338
0.047440737
0.046080858
0.05429955
0.0652902
0.048676062
0.046065
0.09428476
0.8648444
0.8792867
0.15612045
0.22071992
0.918491
0.91777503
0.20860451
0.88351405
0.9155534
0.90314764
0.81433
0.22280057
0.8040894
0.85675716
0.114689834
0.082549185
0.80871826
0.84304565
0.90485024
0.06249949
0.038377676
0.037309732
0.050555218
0.06599071
0.055278383
0.07014942
0.12298992
0.7809053
0.22876133
0.4666034
0.85127354
0.0886724
0.06462959
0.052597277
0.0507703
0.06818306
0.7383096
0.7227987
0.77060455
0.9029105
0.9367517
0.9467438
0.1124455
0.07186716
0.061561693
0.040443927
0.033557855
0.028778635
0.026319765
0.026616663
0.051771235
0.9211964
0.08786517
0.114712566
0.93867004
0.90318966
0.85496354
0.8258721
0.04212603
0.02286371
0.022624196
0.0359724
0.11170883
0.93942136
0.9519393
0.94342715
0.1109013
0.045607906
0.038589332
0.04691583
0.056953922
0.04163894
0.03551439
0.033599343
0.03608304
0.046643347
0.08447329
0.77205586
0.83617324
0.05100305
0.028369008
0.02540845
0.024231512
0.02269863
0.018383393
0.014933956
0.013595948
0.014683827
0.01960815
0.14577076
0.95992535
0.9655217
0.95788217
0.94414294
0.94360214
0.038835827
0.02133392
0.017185694
0.01701027
0.019083137
0.023900712
0.051956203
0.89209676
0.9506893
0.95814717
0.94104373
0.09264131
0.055943232
0.051060688
0.09738076
0.781818
0.11693931
0.10851235
0.15468529
0.24080184
0.71984094
0.68102163
0.15529187
0.7303507
0.05661295
0.035732843
0.027291585
0.026644338
0.031384684
0.051485628
0.08865176
0.2677983
0.9396582
0.06026608
0.032255363
0.025295071
0.020411398
0.017004762
0.014913086
0.01645911
0.038135637
0.8819972
0.9118436
0.9534468
0.9621713
0.18138602
0.036791045
0.028187152
0.027534485
0.030593166
0.023207504
0.016416194
0.013740045
0.02511685
0.93925506
0.9563795
0.96676594
0.97530204
0.9735964
0.05207194
0.020500036
0.014141242
0.014816064
0.019227356
0.02468876
0.03251107
0.041621305
0.06462845
0.9077572
0.88438916
0.039602324
0.029781077
0.030008102
0.031014062
0.03173246
0.04177221
0.07823162
0.1381328
0.9288672
0.89286923
0.08716392
0.049051568
0.04469134
0.05501606
0.095041595
0.08290467
0.08262488
0.07518003
0.71113575
0.15734771
0.6823904
0.73230857
0.7041571
0.2831969
0.3358282
0.26500443
0.2039656
0.4907609
0.538478
0.6528339
0.3211615
0.34511188
0.2566844
0.26048836
0.35571986
0.5711797
0.7455177
0.41691855
0.34876683
0.5126811
0.58040243
0.7543865
0.73384446
0.59820807
0.22609039
0.16432825
0.16405001
0.20837267
0.67431295
0.59878355
0.545813
0.5577503
0.6231833
0.70159316
0.1667985
0.09714625
0.07585526
0.08474659
0.13386285
0.2702728
0.8814532
0.8737032
0.26124454
0.25427988
0.04623864
0.035343703
0.042786248
0.055156704
0.07298611
0.10794814
0.90586483
0.14783552
0.14929058
0.07953909
0.056878544
0.068749554
0.83421826
0.8264324
0.15481117
0.06524735
0.06621402
0.12635744
0.15821794
0.12472724
0.8615858
0.10729212
0.08774764
0.8720137
0.7927022
0.7867915
0.74709123
0.0636104
0.0877014
0.91032577
0.95256
0.9434629
0.9106301
0.04542515
0.032474913
0.032343026
0.033930074
0.03823535
0.04558855
0.047196746
0.040065773
0.04394506
0.063733675
0.77229935
0.7667944
0.806243
0.14807841
0.13342993
0.1930196
0.20310502
0.22854453
0.7785693
0.19107951
0.2029863
0.22702715
0.7192054
0.15107085
0.11072265
0.10933389
0.6679356
0.6959807
0.7737319
0.752478
0.70426047
