0.8393824
0.74763274
0.62477696
0.16565895
0.26004672
0.9050578
0.9218094
0.16496634
0.06369756
0.051854435
0.045005623
0.035857603
0.037019696
0.09086954
0.8988431
0.9480791
0.95380366
0.112234645
0.027941238
0.017245816
0.016416222
0.027304182
0.9375406
0.96499425
0.9763667
0.9724257
0.044204224
0.017123742
0.015311767
0.023590578
0.065588705
0.90556145
0.084098995
0.044654183
0.044910822
0.070524424
0.08009738
0.70673853
0.20295404
0.33758095
0.6199065
0.5687311
0.18945898
0.18410952
0.08731807
0.13821186
0.54381233
0.29958415
0.6665248
0.2727996
0.13589813
0.1247388
0.18374611
0.8078977
0.70745045
0.7414154
0.85711074
0.8465669
0.12592614
0.08125057
0.07091943
0.10249314
0.76810664
0.79251665
0.76359534
0.7424536
0.103464454
0.07417909
0.087627165
0.12622322
0.17949301
0.6023218
0.8861383
0.883284
0.45845893
0.17097105
0.14259021
0.15367627
0.6650593
0.21306695
0.18822871
0.14095788
0.12929676
0.7298671
0.79645467
0.09358972
0.07075667
0.08459299
0.1872987
0.82990587
0.37281793
0.17443605
0.795988
0.86211354
0.8688392
0.8854884
0.87704444
0.8034879
0.73759556
0.7653848
0.6255996
0.64819
0.14176027
0.19835855
0.8251217
0.097904585
0.05612521
0.055811632
0.07330424
0.8315543
0.87178606
0.1722454
0.202746
0.19731346
0.16557723
0.8640259
0.1863849
0.09035471
0.068533145
0.081952736
0.65196663
0.6440689
0.6643044
0.15862726
0.19756326
0.76918614
0.88865894
0.9208814
0.09743037
0.07959524
0.083101265
0.0670116
0.058411527
0.048121437
0.040238805
0.037697785
0.06356046
0.8314584
0.0681084
0.07645265
0.8500489
0.06786738
0.04282465
0.055308167
0.7120165
0.056135792
0.043269385
0.055017702
0.10081843
0.1873602
0.21047778
0.2056809
0.8990352
0.072162405
0.06558638
0.87205
0.92169225
0.044762995
0.021499984
0.019785127
0.025328666
0.030791633
0.10546563
0.955679
0.9521928
0.9118719
0.8624058
0.051880725
0.03770126
0.028979644
0.026308097
0.02732241
0.02671214
0.025295928
0.036594775
0.8800896
0.91966444
0.061057176
0.05118441
0.04823245
0.044682913
0.031685244
0.029018596
0.02427816
0.022110717
0.020915825
0.021973064
0.03175079
0.10158339
0.9249264
0.9477189
0.9450872
0.29487273
0.9114144
0.08751461
0.04310151
0.032668244
0.03555817
0.05493734
0.08624743
0.14502451
0.16215724
0.6007288
0.06944634
0.050933927
0.047997
0.05127604
0.059502605
0.06781198
0.0692315
0.060672227
0.08276968
0.19513915
0.9292554
0.89183736
0.06947711
0.034490146
0.021620214
0.017248174
0.01555391
0.016822778
0.021335242
0.051142115
0.8875157
0.9327306
0.95624614
0.9602337
0.095679305
0.03577826
0.026951721
0.020815114
0.016241644
0.012062954
0.011478423
0.03397378
0.93558484
0.95729244
0.9707925
0.9769811
0.9702486
0.044258684
0.021379048
0.017238842
0.019139413
0.02688384
0.041814066
0.038374916
0.050943103
0.88331646
0.8764401
0.038025126
0.024414256
0.023260348
0.024523573
0.031262152
0.048262484
0.08430012
0.13041215
0.8984631
0.91184664
0.8716571
0.07258684
0.04615556
0.047852598
0.0719091
0.13318758
0.14698975
0.09071944
0.07099293
0.07416792
0.097332396
0.66575485
0.13948518
0.06818025
0.050025795
0.042045865
0.041320305
0.041463446
0.059541583
0.8506789
0.9277616
0.95176953
0.9450872
0.12958324
0.041810177
0.034062043
0.037100647
0.029667241
0.026028795
0.034969926
0.8014388
0.1906226
0.938593
0.948734
0.11280429
0.036718234
0.024576208
0.020754855
0.018775024
0.017619992
0.016634794
0.017898692
0.020858292
0.040828075
0.9406166
0.034021866
0.02135546
0.03842356
0.902656
0.9111183
0.93905264
0.9641401
0.9668862
0.9551228
0.91401255
0.8579072
0.031479098
0.029919095
0.0708237
0.9256139
0.929255
0.10800387
0.06684834
0.057122637
0.040345337
0.0337263
0.03690255
0.03111315
0.030920679
0.033411115
0.034137327
0.9153849
0.93049544
0.16004135
0.060130447
0.06328624
0.04325618
0.051527023
0.8681941
0.8556212
0.81314677
0.067388356
0.050067358
0.053335745
0.06847299
0.13718408
0.8978963
0.8458795
0.8652807
0.14808665
0.77930754
0.054408144
0.04497927
0.050354
0.051706243
0.04932142
0.059311606
0.14000557
0.8665517
0.83750415
0.79428774
0.16585433
0.16173007
0.27049255
0.34854218
0.46261334
0.74632615
0.3397933
0.33790332
0.60221976
0.62774396
0.21699344
0.18126447
0.1874155
0.25050843
0.52384305
0.55972993
0.4555478
0.20190588
0.25984892
0.22614379
0.18863219
0.26759896
0.8888819
0.9059469
0.87647533
0.7330969
0.09521341
0.09704793
0.1932472
0.71719986
