0.9523583
0.9262387
0.19695668
0.12536584
0.17029774
0.27824107
0.7349432
0.7545802
0.6633379
0.67401606
0.75437814
0.86940145
0.35306555
0.2204156
0.14383078
0.098022185
0.91498977
0.049776964
0.032879166
0.034176204
0.040263142
0.039124347
0.079356745
0.91808724
0.120237865
0.08721551
0.07361545
0.8929644
0.9427416
0.9492497
0.94809747
0.94046783
0.9295048
0.91793656
0.90464103
0.88829017
0.8959208
0.92038023
0.05304968
0.030801209
0.023923982
0.022336366
0.024993459
0.035044838
0.043785926
0.040093
0.06736774
0.93256545
0.9205386
0.15311708
0.18895797
0.21176842
0.1738595
0.8446229
0.9116885
0.89360994
0.13119414
0.07349363
0.06960388
0.10348821
0.9245547
0.9490854
0.9474723
0.9401615
0.9131399
0.83133364
0.06366773
0.05257825
0.05288766
0.0673665
0.09600798
0.09268393
0.083287776
0.08404342
0.08456471
0.06865011
0.061645877
0.11489778
0.91424674
0.94002044
0.9326287
0.90973914
0.84634084
0.7431833
0.6873309
0.06937829
0.06569707
0.09278478
0.14771192
0.21527071
0.847773
0.8989482
0.9209259
0.9093685
0.8034776
0.78301954
0.8396809
0.7525256
0.06863757
0.05908694
0.056936882
0.057938535
0.08179167
0.7266186
0.063886076
0.050985817
0.05756664
0.0814454
0.10403987
0.29016373
0.89222664
0.9198988
0.91498756
0.92524034
0.920435
0.89327043
0.884375
0.833427
0.8076114
0.079531476
0.06085505
0.066605486
0.07518806
0.06579632
0.07122408
0.8787706
0.07147643
0.070130795
0.119820796
0.17582202
0.1620336
0.9003419
0.8894765
0.12973349
0.6003025
0.03250591
0.034540784
0.07434953
0.9332911
0.15929548
0.103213646
0.07230958
0.042156894
0.03336138
0.061145004
0.8867424
0.89987224
0.8414206
0.8279412
0.805333
0.049984783
0.03865713
0.04694051
0.07214449
0.10624046
0.10100897
0.120170705
0.07318626
0.06457349
0.7136379
0.2742487
0.8233161
0.037324425
0.028344717
0.027801743
0.030653594
0.039705865
0.07858297
0.93506217
0.942356
0.96023697
0.955076
0.11506698
0.033318482
0.026304854
0.02460226
0.035152346
0.93310815
0.032967426
0.0201988
0.01719712
0.015696045
0.014191912
0.013525879
0.014142072
0.017115314
0.04424314
0.91119677
0.9108344
0.9107653
0.9180045
0.9299673
0.8853444
0.8867688
0.041868873
0.02610506
0.02924717
0.03579947
0.074837014
0.9179234
0.908145
0.047168113
0.02889116
0.027720027
0.029693427
0.037061404
0.051534373
0.03701723
0.037300758
0.055659506
0.80616206
0.79574054
0.85820526
0.14828396
0.12790112
0.08808702
0.08626659
0.63628674
0.13992584
0.20978679
0.84455556
0.8674704
0.8511516
0.89482373
0.908197
0.9082865
0.90129215
0.91109693
0.90909296
0.9035724
0.8941526
0.8869404
0.9015814
0.8776312
0.09540705
0.060492955
0.048827123
0.049903467
0.069190644
0.09391999
0.2293415
0.89343524
0.8605011
0.07156639
0.059584573
0.054328006
0.061541557
0.17603981
0.8522055
0.058737036
0.07099436
0.14168344
0.92096984
0.09052804
0.045995824
0.041056283
0.039854184
0.040538132
0.03057382
0.11996429
0.9221488
0.94725424
0.95276415
0.95516104
0.9435754
0.071492486
0.032693308
0.032863263
0.044059977
0.05237205
0.051853202
0.066156544
0.068950586
0.10193356
0.14023452
0.9011463
0.880906
0.21204752
0.13537513
0.102156304
0.099040024
0.10237694
0.060779184
0.08076994
0.079651535
0.11487161
0.21136287
0.41527736
0.87209
0.24953616
0.26159117
0.3229511
0.77096456
0.81882954
0.73900414
0.7937645
0.6682683
0.14943036
0.1316413
0.67063075
0.39991748
0.31877324
0.82446736
0.7706365
0.7955647
0.8501988
0.8240908
0.72035587
0.19452788
0.25591984
0.68072885
0.29145613
0.40530252
0.914575
0.9242091
0.8810735
0.77019745
0.12512185
0.10282355
0.14950503
0.7935736
0.39985177
0.40354362
0.33243623
0.32182726
0.20159066
0.15690579
0.17278767
0.17227432
0.11953627
0.097028546
0.10022489
0.14609185
0.9002013
0.9328839
0.9392179
0.9350388
0.90079623
0.10990346
0.07848149
0.108933255
0.87867874
0.9248888
0.93195367
0.92606306
0.9135749
0.89762825
0.8795019
0.9080187
0.89074385
0.09265963
0.052485522
0.031034397
0.038130756
0.86921823
0.9038544
0.9455542
0.9459074
0.07535962
0.050161425
0.048758764
0.091000855
0.89662045
0.30109945
0.10724439
0.11284172
0.24866667
0.93463886
0.94000757
0.92957145
0.91806555
0.8909368
0.77820694
0.054384544
0.048218615
0.06899987
0.16287115
0.8898893
0.86220235
0.7019382
0.14341982
0.13690911
0.15293722
0.5474771
0.62732136
0.78837943
0.3100677
0.26395488
0.14250304
0.1202186
0.15784961
0.23220108
0.6226272
0.60051507
0.6979607
0.8370215
0.86349905
