0.61614287
0.29172924
0.61114466
0.3430934
0.44812736
0.71217686
0.32085025
0.4351762
0.7036786
0.15711413
0.10155803
0.09520484
0.10662882
0.20134877
0.8963057
0.91212845
0.8909515
0.7988487
0.71431464
0.6843657
0.66916454
0.1379561
0.12632442
0.1765366
0.8886799
0.90259385
0.34817034
0.23828378
0.12562916
0.120364316
0.102587245
0.8798229
0.9179227
0.914595
0.12249296
0.068043195
0.06658546
0.08459132
0.1495506
0.8169403
0.11538453
0.093523055
0.08938367
0.11105164
0.7654547
0.79452175
0.8512112
0.7827008
0.09798168
0.062479332
0.075069085
0.13848509
0.7712268
0.76119816
0.7562455
0.07392209
0.04689395
0.04243978
0.040171675
0.035373986
0.03742323
0.085013844
0.85959035
0.8014343
0.82224214
0.85613424
0.9137216
0.10991812
0.07061487
0.0681645
0.058288805
0.058572605
0.06637617
0.12440642
0.71321934
0.26887295
0.14400141
0.11191634
0.08297673
0.06797613
0.061795294
0.0655181
0.06327817
0.12150415
0.85628736
0.86841756
0.91586256
0.91616195
0.9326518
0.92127997
0.9168317
0.052411184
0.030198935
0.027093593
0.029927095
0.034495886
0.04446346
0.06924149
0.12105395
0.20281616
0.91310334
0.93057984
0.9216067
0.11307068
0.08091334
0.11487598
0.11162301
0.12927681
0.11593753
0.6396953
0.6234143
0.70454246
0.86154574
0.87257636
0.7764213
0.75216085
0.09946594
0.047790978
0.035575446
0.03130817
0.032995265
0.041930437
0.08071307
0.8368658
0.88755256
0.07410212
0.039086718
0.03402688
0.05442412
0.8486108
0.85081667
0.82077503
0.045580957
0.034525488
0.048578944
0.13426661
0.9301072
0.2014797
0.10725849
0.0714826
0.046962187
0.042377513
0.04638058
0.03640824
0.031374842
0.031494737
0.030297948
0.03218392
0.029642578
0.03344831
0.050460853
0.11337544
0.8283285
0.12731586
0.11031184
0.72854275
0.13740475
0.13245033
0.6881267
0.27237737
0.7747664
0.8450487
0.069509685
0.048949488
0.054359082
0.10968081
0.22276111
0.8772437
0.23558794
0.1693723
0.700504
0.070606925
0.0713935
0.0987257
0.6301279
0.71459544
0.8664755
0.8971261
0.88075554
0.7783661
0.17371455
0.23936443
0.16204984
0.11047289
0.107223295
0.6325386
0.24641791
0.8249265
0.14304288
0.08314155
0.06541515
0.056986876
0.057386503
0.08149038
0.16940619
0.8331982
0.12123197
0.08321279
0.121396884
0.33967248
0.91251796
0.120614335
0.055508804
0.040417757
0.030261017
0.024732044
0.021125207
0.020632405
0.024605185
0.063748784
0.86448413
0.9260784
0.94851846
0.9454535
0.0858364
0.038584497
0.03705603
0.046202503
0.041749615
0.03098036
0.027149936
0.046602625
0.1497216
0.9520996
0.9495598
0.95582825
0.37761554
0.04133071
0.020466542
0.016055048
0.01905101
0.022611998
0.023699384
0.027925747
0.047360443
0.86100775
0.8783495
0.052167665
0.030974824
0.028561193
0.027686158
0.028889555
0.03529202
0.0508546
0.09207856
0.16806898
0.9137093
0.8603792
0.10713526
0.07018609
0.06677588
0.07429359
0.76039547
0.20445687
0.11088655
0.13660944
0.7006558
0.7717545
0.84659207
0.820727
0.07106492
0.046668038
0.03851186
0.04015829
0.057513826
0.69294626
0.29283077
0.881796
0.8696409
0.9106807
0.13645051
0.050553616
0.037764713
0.03206998
0.031936713
0.039017577
0.03533611
0.034007814
0.040136006
0.09365629
0.935044
0.13542797
0.055961933
0.041678347
0.03576313
0.034793932
0.03197464
0.027631078
0.024697214
0.022693774
0.023600707
0.027463725
0.022904003
0.018702937
0.018927492
0.07329378
0.95356244
0.9681398
0.9676174
0.23895453
0.035680447
0.016438821
0.014531236
0.021346467
0.048364654
0.12047961
0.94966346
0.9519771
0.9116128
0.041798785
0.026702221
0.025376482
0.029489022
0.03979221
0.05705246
0.09425088
0.08471179
0.83718604
0.12035163
0.050565366
0.06605972
0.85487884
0.7953745
0.80253947
0.87357754
0.8327819
0.7724954
0.031021992
0.025694273
0.045382418
0.9219309
0.95211196
0.941311
0.9232936
0.037753835
0.02836387
0.027876215
0.029381348
0.03097714
0.02826524
0.026203932
0.025950262
0.03699927
0.09835326
0.90802574
0.88831806
0.9225125
0.8727967
0.27300733
0.67536247
0.10084712
0.08995101
0.09229852
0.11472176
0.1672632
0.6523867
0.69951487
0.2717684
0.2144946
0.21833009
0.27885333
0.57441604
0.570978
0.5730223
0.2399181
0.28422508
0.41469598
0.45895666
0.5547932
0.8468198
0.88929087
0.8663009
0.7577926
0.33396983
0.24962851
0.2547115
0.47629806
0.2424337
0.21575208
0.51507634
0.24408916
0.28457192
0.20312943
0.22545609
0.38876355
0.8707617
0.85675234
0.11374245
0.090974055
0.10330233
0.1437722
0.8159409
0.79171646
0.81269705
0.8490875
0.833616
0.859581
0.8316367
0.7893458
0.6763768
0.10587212
0.06916411
0.0771634
0.10375066
0.6235338
0.71818465
0.80010146
0.7716176
0.7796793
