0.78499615
0.7129776
0.69931245
0.75727296
0.7584255
0.7729402
0.7729169
0.6782849
0.3517394
0.34690994
0.34114212
0.27433646
0.22905181
0.6125514
0.2284738
0.21153766
0.21173613
0.25103837
0.20140454
0.22859624
0.65712124
0.64964056
0.2809364
0.31533694
0.27688006
0.3540528
0.33879855
0.31927004
0.28300858
0.84724873
0.84084225
0.730798
0.1795182
0.12298166
0.112507366
0.13947003
0.2893606
0.31177157
0.36084464
0.8091579
0.76829153
0.6135905
0.60393965
0.73875636
0.34285071
0.4375
0.4210438
0.3006369
0.69742423
0.17944726
0.25309202
0.26654482
0.8544409
0.33792955
0.11807711
0.07949884
0.07177109
0.075704046
0.054537162
0.041392248
0.033535756
0.030282097
0.03223222
0.045610085
0.74050754
0.047307346
0.037394036
0.051655225
0.104988575
0.17468414
0.91852605
0.954098
0.96073633
0.9594518
0.9505423
0.9366601
0.93028617
0.928394
0.91065633
0.04168625
0.026438028
0.021946836
0.019725567
0.019233473
0.019216642
0.019310385
0.019588633
0.037620004
0.93422186
0.9244527
0.1113092
0.10367264
0.8141992
0.85090476
0.8672669
0.87828076
0.82816815
0.14015289
0.1630478
0.9319229
0.94154197
0.93913746
0.9453737
0.95358217
0.94428015
0.13720861
0.058796383
0.040500484
0.032484774
0.029711962
0.031211723
0.034668252
0.039671987
0.05827669
0.08829374
0.7940717
0.074327536
0.06714013
0.07586757
0.13238391
0.7589375
0.77987033
0.7782767
0.10252178
0.0979451
0.11519275
0.14260659
0.6696356
0.23597656
0.7802561
0.2017209
0.22255771
0.27368945
0.45897192
0.8319983
0.75906664
0.78997904
0.69945866
0.67647916
0.12568733
0.1414328
0.25346914
0.24162222
0.17943077
0.19183984
0.26920304
0.2983134
0.7833557
0.80979973
0.11423416
0.117553264
0.18880673
0.285465
0.8816482
0.8963559
0.8676303
0.34768504
0.24289954
0.17583607
0.73207265
0.7500315
0.769642
0.75408554
0.19862993
0.16922687
0.14269537
0.7622829
0.82398
0.8242818
0.35541406
0.2748875
0.14080027
0.10185117
0.73402107
0.7659553
0.11986448
0.10020209
0.10976996
0.15251963
0.87603104
0.8674778
0.83991414
0.8475372
0.864821
0.8511427
0.8055237
0.813035
0.76410604
0.7994206
0.88578385
0.8933815
0.86426544
0.8521506
0.75902194
0.74600124
0.2614967
0.13185896
0.118239485
0.10999261
0.12896939
0.18969616
0.19652727
0.79574025
0.68776995
0.6423688
0.72330505
0.66237515
0.7333735
0.8716128
0.90905476
0.9185625
0.2779012
0.103451364
0.050334927
0.035082217
0.03583841
0.07400735
0.90278393
0.8641279
0.12850063
0.09455591
0.041976146
0.03836958
0.07519865
0.90289456
0.91793644
0.90412056
0.92263067
0.039794486
0.02683374
0.028858548
0.03732252
0.034517303
0.031463824
0.03168121
0.03683128
0.12434354
0.93228424
0.9487332
0.9618653
0.95585835
0.9116718
0.09447806
0.06350904
0.807545
0.05189732
0.032961097
0.030088486
0.03145185
0.032750994
0.038595423
0.059494127
0.89730006
0.90848684
0.05809597
0.03957308
0.044058606
0.08820733
0.2566062
0.94428545
0.9338929
0.9028382
0.85072595
0.8269651
0.90193707
0.9150541
0.90521467
0.8524136
0.86364114
0.8058741
0.8071151
0.85514426
0.07108328
0.043861732
0.03616182
0.032478306
0.03273719
0.06449785
0.92085147
0.31499884
0.1371852
0.9258244
0.0663526
0.0257567
0.022452138
0.03999029
0.2651901
0.9246383
0.93029153
0.9270691
0.9217797
0.14042349
0.061304685
0.039908756
0.046503477
0.08984301
0.85678816
0.07055012
0.121838816
0.89344996
0.07889799
0.06998197
0.157274
0.92603457
0.059073694
0.03561414
0.03193213
0.032292187
0.032165065
0.03716784
0.05387711
0.10739647
0.17397232
0.9270359
0.9104535
0.7613482
0.0935859
0.075387575
0.07495267
0.10936876
0.1517311
0.13529098
0.20032813
0.69423556
0.05881376
0.062285263
0.063560784
0.06546447
0.06391771
0.049673863
0.037977166
0.029804485
0.026644802
0.025479287
0.028764855
0.12397345
0.95269984
0.96470183
0.9582744
0.9515738
0.9410492
0.9261338
0.90864766
0.9011658
0.8274622
0.04730187
0.041314226
0.047774915
0.075232476
0.09777411
0.12259465
0.2064203
0.2646315
0.3967322
0.7314309
0.15001126
0.101318985
0.098104976
0.1209699
0.14462484
0.16416854
0.26706997
0.8284764
0.8338441
0.7603392
0.3206002
0.249712
0.23193023
0.17087956
0.15721305
0.17722376
0.19718517
0.14133927
0.13926363
0.08295757
0.08319366
0.117052816
0.17639093
0.32088116
0.38393572
0.4289377
0.8447686
0.81227636
0.84510446
0.81642187
0.8559034
0.9153032
0.92976254
0.93135434
0.92052925
0.8749606
0.8738135
0.8134265
0.7771978
0.8392628
0.8211775
0.87866807
0.352232
0.15611523
0.110605426
0.11434153
0.14234273
0.33998322
0.73127365
0.7369827
0.7415086
0.7309178
0.75813675
0.84661245
0.8801611
0.26168042
0.13168092
0.12197977
0.18350495
0.69671583
0.6935053
0.7703625
0.87310636
0.88018024
0.8461374
0.8808271
0.8753969
0.41241136
0.24412267
0.703444
0.73930746
0.11963752
0.13196509
0.43420795
0.83517236
0.7805177
0.73941904
0.73472255
0.18195853
0.12340829
0.14421648
0.7865483
0.84294933
0.31941983
0.5761278
0.8598496
0.8268652
0.8286372
0.8184387
0.80382067
0.78706783
0.77738446
0.7776178
0.8291711
0.24695972
0.16625866
0.1879058
0.29407048
0.8462966
0.85444355
0.8867028
0.8856951
0.8548954
0.84963673
0.7960863
0.10876454
0.07516792
0.07245584
0.10702064
0.2061699
0.35252628
0.93014765
0.9185911
0.8227628
0.05011841
0.0678642
0.78070396
0.84131426
0.060330898
0.055954598
0.058020514
0.040384468
0.052299492
0.83554167
0.8827182
0.8942427
0.9428481
0.9479255
0.09998844
0.030914046
0.02757957
0.031657167
0.031592447
0.034494463
0.05153152
0.049263846
0.053082213
0.03932523
0.0526387
0.82923144
0.038421087
0.02281412
0.042810235
0.93878794
0.9335897
0.9425634
0.9496283
0.9607468
0.9461024
0.068167
0.030508563
0.033608217
0.7963882
0.05141523
0.044325076
0.04058625
0.036193043
0.05013964
0.8552327
0.06521865
0.052748725
0.04697811
0.04230953
0.0489389
0.10678893
0.764961
0.7965981
0.73872334
0.7126031
0.7097081
0.24142562
0.22022426
0.25989828
0.3251591
0.27121377
0.46163613
0.45534486
0.2622097
0.3595757
0.769886
0.7951139
0.737678
0.7134314
0.2340552
0.19142562
0.18370536
0.2254522
0.32659495
0.34526736
0.33063254
0.8839042
0.8812986
0.5228884
0.4326951
0.43876728
0.40488398
0.85082674
0.82248956
0.6943999
0.68277997
0.7203855
0.11938832
0.13594389
0.121831015
0.14820941
0.75382763
0.3493315
0.1576621
0.70107573
0.28030232
0.18770114
0.29258102
0.87728316
0.8979913
0.8778855
0.7685997
0.731075
0.8300439
0.35609868
0.25117102
0.26214066
0.73255825
0.14038001
0.105482526
0.086668864
0.086647086
0.10729589
0.1250636
0.64053416
0.69338477
0.79094267
0.37732533
0.4781109
0.4403172
0.3524759
0.10717008
0.09816434
0.09808282
0.6822715
0.10955552
0.07439003
0.08341925
0.22099371
0.39691168
0.86200255
0.071711086
0.038735982
0.027895097
0.021818997
0.021194153
0.062470682
0.936696
0.93661773
0.88202816
0.069474384
0.035399485
0.02855741
0.028849063
0.035809252
0.0748829
0.79721636
0.14511146
0.09390123
0.072425656
0.07424858
0.12742479
0.7575589
0.66371614
0.123864375
0.116695054
0.16880369
0.56892854
0.5526043
0.099043235
0.06262335
0.05836463
0.096040726
0.8096065
0.13614096
0.16336225
0.11800485
0.19474217
0.8360983
0.8768079
0.21053317
0.17279497
0.16683155
0.8917634
0.8901623
0.110265054
0.08173969
0.19214593
0.7820876
0.74042004
0.7485654
0.2705843
0.21810213
0.7936427
0.24523339
0.8251098
0.77859807
0.1753463
0.33602846
0.39803776
0.91147155
0.90466875
0.17188805
0.105750225
0.08199067
0.085208125
0.52692115
0.10235811
0.12657827
0.2232562
0.43058234
0.8994675
0.8816541
0.1214989
0.083837084
0.07576146
0.10860602
0.9088539
0.9342721
0.9250539
0.9252381
0.91646487
0.9004834
0.90411717
0.89421684
0.8704148
0.8770635
0.8566229
0.16933839
0.10845142
0.122205414
0.22378853
0.86912006
0.86949104
0.64524704
0.39740738
0.26512307
0.21775667
0.22772041
0.26052734
0.36654598
0.6327747
0.6803733
0.7991963
0.7894205
0.44712892
0.5995343
0.6590066
0.76601523
0.4313678
0.2835362
0.23030104
0.23200269
0.6876313
0.09344556
0.06390177
0.06299436
0.0635935
0.06331201
0.062365744
0.052727573
0.04378383
0.038045265
0.038203474
0.035504732
0.05535342
0.94258916
0.95138854
0.93191004
0.20500915
0.135941
0.10486564
0.067592956
0.047310255
0.04260238
0.04952656
0.054263365
0.066300035
0.09307144
0.14256313
0.3186752
0.9135693
0.9127254
0.9024945
0.21154946
0.09491691
0.10548932
0.14408319
0.87940246
0.07740903
0.06570241
0.051883332
0.046857167
0.068709224
0.89743763
0.8741402
0.86828345
0.29937017
0.25076035
0.19703332
0.119847015
0.15320274
0.8700133
0.87875146
0.8856513
0.8659282
0.8831497
0.8693597
0.7908869
0.7529831
0.82480586
0.879622
0.8863647
0.86693984
0.8917423
0.8808243
0.9035392
0.89499867
0.118065946
0.08537341
0.08669042
0.11840102
0.17557071
0.6607928
0.12859175
0.11931296
0.16581091
0.3117058
0.34719878
0.40083987
0.24850582
0.20692559
0.19430909
0.1708864
0.17404023
0.18796322
0.18202145
0.2104399
0.28910297
0.7563893
0.85108405
0.8449156
0.8249802
0.883959
0.9060805
0.8757258
0.07614883
0.06410567
0.07023964
0.09378867
0.10159345
0.09390955
0.8423757
0.90120906
0.9111506
0.89639914
0.8616371
0.17874041
0.13740492
0.11495475
0.09505646
0.09417357
0.11625169
0.66138023
0.7144661
0.63664544
0.62575763
0.6965442
0.6305779
0.6794633
0.7960573
0.84795934
0.81619644
0.23643047
0.26176476
0.23201382
0.15249519
0.09876652
0.11293453
0.13341166
0.8655062
0.8755718
0.9075223
0.8978031
0.82441676
0.78146946
0.85492
0.8434115
0.16166873
0.14505436
0.15077987
0.19622114
0.21847196
0.24027717
0.2668105
0.2556324
0.3185033
0.37851155
0.37646928
0.32839873
0.92875594
0.88387215
