0.95006526
0.9440607
0.9103817
0.87427306
0.78514
0.18604977
0.10848979
0.13416432
0.27644816
0.81220686
0.8957698
0.89900815
0.23970237
0.0722405
0.049308352
0.04964211
0.07814381
0.8723281
0.9094469
0.89906275
0.90285903
0.08180143
0.041409798
0.04143224
0.055438306
0.11386215
0.8819484
0.12596549
0.08240513
0.07963159
0.1233353
0.2869123
0.28713697
0.6613239
0.8265318
0.16038385
0.13115908
0.1262551
0.12768586
0.12195273
0.11169734
0.1030771
0.094603464
0.08906147
0.08531105
0.12965973
0.17331663
0.8120842
0.8775989
0.8926671
0.86290485
0.8878339
0.87925076
0.7690566
0.07085973
0.053253356
0.06030456
0.14565516
0.87612724
0.8854392
0.83989704
0.111605346
0.04940267
0.05832898
0.10582896
0.7760519
0.74807584
0.7964901
0.8892539
0.9047841
0.9004461
0.18565944
0.1447278
0.14965682
0.20767935
0.69945854
0.2847199
0.22924133
0.20862779
0.20048471
0.1632402
0.1374675
0.08288714
0.083508335
0.093268275
0.8190663
0.88713723
0.90205646
0.89882
0.91504216
0.9191491
0.9078809
0.87182647
0.0867907
0.07262887
0.05949353
0.08484284
0.12706116
0.1823888
0.24470778
0.8189196
0.8012393
0.8003725
0.8213694
0.1875491
0.15492964
0.10961705
0.060213808
0.04835737
0.04969208
0.06537531
0.8506727
0.82018095
0.8257669
0.8891902
0.8819279
0.81399584
0.80326414
0.80495846
0.8465651
0.08667185
0.06944005
0.05876722
0.07085122
0.08995019
0.09000241
0.10439187
0.14924262
0.19482376
0.86968046
0.9104848
0.9101944
0.10188668
0.0947376
0.1902649
0.72219753
0.06485616
0.053380944
0.07182084
0.7632149
0.83870906
0.8923647
0.8909767
0.83903676
0.7972798
0.05748656
0.033844545
0.031611033
0.034359615
0.036744285
0.055581857
0.8183449
0.8678326
0.85452455
0.8490941
0.1995213
0.064965814
0.05750439
0.06680494
0.6578565
0.066522986
0.06275532
0.09858236
0.17257182
0.31088606
0.3694452
0.87302285
0.88158846
0.07910874
0.060335804
0.06901158
0.1497058
0.763015
0.099119216
0.10793275
0.07513146
0.0881189
0.88327384
0.92338914
0.9141249
0.84932816
0.06816319
0.049158953
0.06923685
0.14897434
0.90581936
0.09343283
0.043711677
0.03907209
0.055123486
0.8491851
0.877442
0.8888452
0.16184764
0.123178676
0.10642475
0.06688116
0.042388853
0.032311063
0.03116609
0.038384806
0.05544757
0.10045237
0.93168026
0.9477912
0.95581055
0.95525336
0.92002386
0.8282581
0.0458924
0.041872818
0.03621199
0.03688775
0.05658765
0.11376734
0.828026
0.10985582
0.08316563
0.067934565
0.060287513
0.052353665
0.051142648
0.08374917
0.16031347
0.17889637
0.21058802
0.17744008
0.24728209
0.92309994
0.88414603
0.058572866
0.039934542
0.042002205
0.036249686
0.038216416
0.030262757
0.029714359
0.06983671
0.86254466
0.930189
0.94573295
0.9373071
0.90473855
0.8769557
0.035582725
0.026092764
0.029564759
0.026372403
0.028951319
0.055329293
0.93464166
0.9520538
0.9636385
0.97118586
0.9666394
0.03692294
0.016697954
0.01200402
0.013535249
0.017405305
0.04734723
0.93765044
0.9338394
0.8626663
0.81718177
0.033920463
0.026072277
0.026235636
0.02987885
0.038248297
0.04808266
0.061203428
0.14469035
0.92806345
0.92776203
0.8791009
0.09525034
0.06707766
0.07435054
0.09055154
0.07562599
0.06343401
0.06295242
0.082326435
0.6652621
0.43619546
0.7495194
0.09979901
0.062012248
0.0485571
0.047790144
0.058016762
0.055301346
0.074861266
0.055595648
0.0621549
0.91711414
0.93943894
0.14241752
0.048205476
0.043639418
0.04471432
0.03604239
0.031345293
0.044887993
0.82625055
0.8286747
0.90999836
0.91552365
0.16660468
0.08087068
0.07582765
0.70789677
0.11457006
0.10459159
0.07061761
0.093690395
0.79281515
0.81726676
0.880585
0.8310728
0.032900684
0.021641737
0.022789832
0.036843363
0.11415048
0.9435543
0.95429283
0.94339395
0.10828638
0.033644695
0.034840044
0.15180202
0.9097929
0.9312333
0.9270137
0.9388826
0.93514144
0.9286604
0.89247715
0.057639144
0.03134257
0.03581439
0.083007395
0.8938445
0.917423
0.9056343
0.94230866
0.94158995
0.08927224
0.050735258
0.0327074
0.030995183
0.053356644
0.898983
0.87053424
0.85372233
0.15729415
0.09996036
0.7702045
0.2139282
0.26938167
0.8400163
0.06295473
0.05021784
0.06096167
0.047520652
0.0463342
0.050626498
0.049893655
0.046687532
0.059787326
0.14552614
0.9002763
0.23443943
0.12679373
0.10485827
0.09745753
0.14237127
0.23024131
0.68419236
0.36528698
0.2325188
0.27316812
0.606597
0.3841416
0.20115101
0.16726065
0.18113245
0.28577214
0.6101193
0.5342941
0.36908373
0.2936913
0.31010604
0.38809362
0.33185533
0.6939531
0.84428144
0.88191223
0.83880776
0.27592984
0.17298384
0.13564126
0.13610245
0.14192699
0.15644108
0.16627206
0.25786883
0.7970339
0.28224283
0.38391444
0.91003716
0.92259395
0.85530466
0.743809
0.78372675
0.6577061
