0.9237316
0.92070675
0.9079924
0.85978806
0.8244977
0.2979178
0.3196943
0.78672975
0.48266375
0.5368353
0.5060156
0.5004082
0.6731116
0.7142115
0.823142
0.8497844
0.83332145
0.8316091
0.7763552
0.73881114
0.11250418
0.07853968
0.07169799
0.0724143
0.07528214
0.11908645
0.13143729
0.16326499
0.23455222
0.9036127
0.92493516
0.90997696
0.87392384
0.16805018
0.11946025
0.6113628
0.7025535
0.055733234
0.046619393
0.084547155
0.8707651
0.10894253
0.09384391
0.13505483
0.90940166
0.93567175
0.93675286
0.9298107
0.917971
0.9130143
0.9174156
0.9211869
0.91433364
0.099277265
0.07183816
0.06112604
0.06565253
0.060949
0.7545353
0.175563
0.73871535
0.80221987
0.16606767
0.1691835
0.05734292
0.0707311
0.098589055
0.17054749
0.89924926
0.121855535
0.15967973
0.9139901
0.9121929
0.8602982
0.811595
0.077326275
0.09660428
0.85134614
0.1506515
0.08981287
0.09812341
0.12375445
0.8803963
0.22480816
0.14342675
0.08507714
0.07138191
0.07397987
0.08848608
0.105156675
0.08466882
0.08470238
0.064522125
0.098852284
0.11715421
0.1023432
0.07514458
0.05297861
0.036899347
0.029966705
0.029321285
0.031476818
0.047041215
0.9360877
0.03955322
0.034566324
0.03396475
0.05057242
0.074367754
0.92865145
0.051158547
0.027763795
0.020551002
0.0195647
0.07304097
0.9537989
0.9441454
0.923662
0.9042896
0.040230807
0.020187082
0.02292404
0.044243865
0.08705338
0.91010034
0.8662948
0.85014105
0.044964794
0.042614188
0.048942164
0.07496441
0.063657634
0.82922167
0.11003756
0.12766531
0.10461796
0.06451379
0.08079436
0.9076349
0.9144437
0.88631463
0.82709295
0.84901005
0.7850064
0.8112127
0.91646034
0.94060344
0.13706364
0.040966652
0.034391627
0.0306734
0.031303536
0.042892493
0.055987217
0.04260112
0.037666116
0.11218604
0.93020064
0.9363146
0.9164419
0.10764306
0.04436096
0.02596445
0.025349703
0.028919188
0.03565478
0.050772324
0.071041346
0.06997249
0.0997314
0.8821063
0.042496115
0.035969313
0.047302417
0.0798211
0.9111411
0.09256856
0.06435973
0.08345029
0.06474211
0.88017535
0.89403003
0.9263892
0.9588697
0.9602931
0.14383928
0.0602702
0.039457254
0.0254542
0.023786653
0.02767036
0.03883323
0.060904574
0.8372734
0.7291946
0.75787926
0.88771385
0.9216306
0.9215524
0.8785685
0.05535848
0.057163563
0.05646328
0.06838185
0.07249644
0.8057953
0.08582307
0.05249105
0.089674406
0.88128626
0.93567836
0.9494284
0.9448086
0.9360405
0.9179753
0.10935356
0.08140695
0.09968901
0.10246308
0.10495885
0.100183345
0.08757725
0.08603511
0.075099245
0.091936626
0.09406209
0.091228284
0.0863441
0.19733544
0.868259
0.87907314
0.9065886
0.94303304
0.94446415
0.09653666
0.06627383
0.06843801
0.06973622
0.09858933
0.26825306
0.86161757
0.19058673
0.14883143
0.20924166
0.17441234
0.12475742
0.106852874
0.117075294
0.29699734
0.34049454
0.36042625
0.23225838
0.7970978
0.802487
0.70348424
0.73953646
0.2470185
0.25032964
0.2685221
0.18715768
0.16534187
0.07315842
0.08340993
0.08015126
0.08893606
0.75221306
0.818826
0.9043953
0.9127664
0.14709951
0.10515349
0.12509198
0.17815809
0.7991323
0.10048569
0.04586738
0.047394257
0.04426346
0.037701726
0.034978777
0.036522187
0.04925044
0.09092945
0.10403826
0.81272584
0.7307768
0.058536883
0.058042213
0.06875287
0.08407485
0.7583824
0.10353431
0.12307934
0.15780476
0.1617568
0.22410336
0.8203682
0.7882815
0.05736734
0.041779134
0.07131523
0.83264863
0.86849743
0.9009405
0.9013122
0.8984698
0.9037078
0.8675324
0.83760375
0.8376155
0.05086234
0.03251458
0.049822614
0.85777843
0.8922671
0.13780488
0.08784685
0.061972048
0.05037133
0.038116924
0.037595015
0.047733393
0.042412512
0.06068492
0.9037372
0.06480056
0.051772185
0.05176496
0.067541294
0.09364682
0.07854625
0.066505276
0.0643721
0.084215164
0.19491646
0.14253402
0.17325337
0.13763684
0.10590157
0.15241778
0.8917296
0.18432167
0.12500171
0.087524325
0.09740758
0.7706827
0.74298364
0.12673292
0.08533326
0.78848845
0.096030146
0.07462368
0.040520534
0.042354025
0.0515191
0.84649426
0.8699701
0.91010255
0.9570015
0.9658242
0.9567694
0.11877671
0.056206312
0.039649922
0.055982526
0.13707215
0.9063338
0.8614197
0.8300183
0.75573146
0.09625983
0.12681918
0.7804829
0.7640996
0.09312
0.09571718
0.1422794
0.20970693
0.80557144
0.14168578
0.11569875
0.15773569
0.2587274
0.3553306
0.7686283
0.36422107
0.4215646
0.38781577
0.35068452
0.2261757
0.13690573
0.13346459
0.17470646
0.12973091
0.10225031
0.07193539
0.06641949
0.06689497
0.056831256
0.041408457
0.04779842
0.89964736
0.9071224
0.931006
0.9568457
0.9585173
0.0648434
0.042847577
0.045921616
0.04528088
0.04644537
0.05925909
0.08735394
0.114408925
0.13449903
0.150379
0.8704074
0.8294635
0.7941045
0.8327678
0.883762
