0.7298267
0.3902383
0.61924905
0.17826125
0.17705965
0.1956004
0.28368253
0.39752698
0.71897095
0.7472503
0.80513024
0.8173332
0.8745599
0.8935412
0.898723
0.89785385
0.886372
0.85612595
0.8626958
0.84125274
0.8440215
0.21599104
0.13206075
0.12755965
0.15475407
0.26684624
0.25120738
0.19509883
0.1904494
0.8120854
0.8036835
0.814436
0.8190275
0.8331289
0.2617755
0.13605572
0.0948145
0.06382262
0.047453616
0.043141916
0.050495278
0.12491227
0.92267716
0.92168885
0.9175329
0.8897551
0.84734374
0.8104301
0.7940883
0.7817964
0.08118617
0.074492104
0.09448819
0.13753124
0.1467488
0.6403834
0.17604169
0.23310816
0.3210585
0.30744338
0.27372625
0.25902185
0.25664926
0.2728149
0.23973288
0.25288403
0.83560187
0.11619307
0.08777758
0.608442
0.07581689
0.065084495
0.084817804
0.7636151
0.778831
0.22436847
0.099713616
0.09598218
0.121492706
0.12666151
0.8309127
0.847329
0.86169416
0.86503875
0.87278074
0.808688
0.7986912
0.070082515
0.042082336
0.036732942
0.048897825
0.122953154
0.9110729
0.9072513
0.14135963
0.09087832
0.12745138
0.85063815
0.17098093
0.18263912
0.83121437
0.84702116
0.8897679
0.8940553
0.8343617
0.15769957
0.20144524
0.21838358
0.18718335
0.1368153
0.11633672
0.70851743
0.70419264
0.7399477
0.76494557
0.8026345
0.34665385
0.30164298
0.2778088
0.21853589
0.17104739
0.18108462
0.11253217
0.26200914
0.16993426
0.13988987
0.10286826
0.10123227
0.7401036
0.7773876
0.87336683
0.87788326
0.8317166
0.8199073
0.8804774
0.89783806
0.8864466
0.11248358
0.098970056
0.10369322
0.10880634
0.15488416
0.33337906
0.8772035
0.4351421
0.28145808
0.18834305
0.14295143
0.114745356
0.10260601
0.109970845
0.12623759
0.15567666
0.7645951
0.1093996
0.094078064
0.08612721
0.09262112
0.107599124
0.21603568
0.7601544
0.783249
0.8329171
0.83120006
0.8369757
0.7815665
0.7735417
0.7924556
0.7532227
0.34491315
0.3145198
0.26297027
0.21016335
0.16493972
0.13950312
0.77294004
0.8622969
0.8638917
0.31104746
0.28164262
0.25270262
0.31937492
0.78280795
0.79174656
0.8151637
0.84658813
0.8393396
0.13925308
0.11292141
0.08836034
0.049905874
0.04649277
0.085511275
0.94904083
0.9670218
0.9694286
0.96426255
0.07022499
0.035758477
0.024470631
0.022658164
0.026389593
0.033576578
0.038226146
0.049624104
0.06845548
0.1410343
0.93306917
0.90527564
0.084142566
0.10055651
0.11379742
0.12283251
0.13095129
0.14254916
0.14376332
0.11057391
0.12393306
0.0999207
0.7904806
0.2426123
0.22115268
0.8421911
0.3754444
0.22154869
0.18016908
0.10815537
0.09364689
0.10955087
0.18370822
0.28552946
0.32235965
0.7838743
0.8303787
0.79188627
0.7280807
0.7157673
0.7549052
0.79944044
0.8621722
0.88772726
0.89991236
0.91893286
0.9296873
0.93116105
0.9221999
0.8944083
0.87529385
0.81827706
0.78981787
0.80833334
0.86003286
0.86229354
0.30903816
0.2263568
0.19629754
0.1942461
0.1927691
0.17616767
0.16168661
0.19410835
0.37240866
0.7920712
0.7682743
0.15503776
0.08922389
0.09092916
0.103914075
0.13383253
0.6649065
0.6322248
0.65383327
0.120481454
0.10604231
0.1593415
0.18688075
0.30001393
0.78981775
0.7435754
0.23047015
0.3124235
0.35842037
0.36447117
0.6727418
0.33363375
0.3229907
0.3008018
0.30769727
0.34682244
0.8623125
0.8503293
0.111970715
0.112682015
0.12914746
0.12697981
0.10518485
0.21733755
0.8248056
0.83577335
0.88066447
0.8832438
0.82545096
0.4103272
0.3435891
0.27667233
0.22938254
0.88167834
0.88842195
0.85269344
0.8585646
0.81398267
0.8589675
0.84390736
0.8421142
0.8321077
0.82848233
0.17165002
0.16269074
0.15012425
0.1507047
0.17203912
0.20472416
0.2692617
0.32041
0.3303932
0.28248617
0.28068203
0.26027763
0.30630955
0.39798564
0.462469
0.48948222
0.42620888
0.3641213
0.30770326
0.19346398
0.15116076
0.20016935
0.67630774
0.7019681
0.19869113
0.16253647
0.20925876
0.782753
0.77755594
0.48807946
0.4296918
0.24805956
0.19647235
0.1410464
0.15960677
0.8791152
0.8937004
0.9145731
0.89079505
0.23026352
0.1599558
0.16354914
0.14110446
0.12030142
0.14143059
0.85898477
0.09860118
0.07665521
0.06532294
0.058443815
0.056464713
0.06054033
0.07462481
0.10246567
0.7926133
0.09988549
0.10869113
0.86421895
0.09237131
0.096352115
0.76910067
0.7669995
0.8006022
0.84044486
0.7966639
0.7472339
0.7154342
0.701553
0.13345054
0.16300288
0.77673405
0.75411
0.29203668
0.3086139
0.6707184
0.15491469
0.19595629
0.19434783
0.14982687
0.17239311
0.2213566
0.24214062
0.37298313
0.79207796
0.306285
0.35651642
0.36575222
0.43788135
0.49571416
0.44832197
0.8080559
0.06835656
0.062047068
0.06858896
0.07703803
0.224222
0.90422016
0.92015755
0.9088951
0.8882231
0.21335366
0.15961792
0.17660217
0.1404099
0.11231084
0.683416
0.6907208
0.6789245
0.70088285
0.7055208
0.7370071
