0.917588
0.91869575
0.83890855
0.118934385
0.11945204
0.11765111
0.11668035
0.11495597
0.12425827
0.13520958
0.12970424
0.12043992
0.11206852
0.10383224
0.10937547
0.16084696
0.26546913
0.4721136
0.8763177
0.6278404
0.3749293
0.8695244
0.29255542
0.30766985
0.21064192
0.69902515
0.6918207
0.8231158
0.5882387
0.71208453
0.12560773
0.09941513
0.80743873
0.907026
0.20590286
0.054356884
0.049914554
0.083916076
0.09025887
0.19421819
0.9052771
0.9016248
0.16013367
0.12880683
0.90894675
0.880621
0.872588
0.8888194
0.12465525
0.12659165
0.93218833
0.9425585
0.0799523
0.03176358
0.024594007
0.02323548
0.023983084
0.029419843
0.037724346
0.07244846
0.8351801
0.31505883
0.91307795
0.92273575
0.90161353
0.1722852
0.11602252
0.09618956
0.60819674
0.6652084
0.19675848
0.26061448
0.7765844
0.73335844
0.09592231
0.06919888
0.06894662
0.09656705
0.153119
0.74662703
0.66571987
0.75103533
0.8761565
0.8974029
0.8674904
0.8967634
0.124361925
0.059950735
0.05593
0.053597514
0.06688846
0.12961765
0.123939805
0.8179645
0.8727566
0.18546215
0.13760963
0.23690668
0.8832044
0.8563433
0.0712137
0.043154303
0.0386516
0.03439441
0.033719722
0.029881846
0.026561188
0.025178343
0.023716606
0.02397763
0.035698388
0.7984102
0.851419
0.9164406
0.31760913
0.53614074
0.9525076
0.053259052
0.022405809
0.01732797
0.015685176
0.01571055
0.04153781
0.9639697
0.98142725
0.9817277
0.9749194
0.03334221
0.01624982
0.014683282
0.019374259
0.033757024
0.04933209
0.81810105
0.30920047
0.62815183
0.9281998
0.909128
0.9011486
0.13318741
0.11402481
0.052938282
0.13927077
0.9069579
0.9113434
0.9338407
0.9270109
0.8613452
0.051832292
0.03268783
0.0416973
0.87312895
0.9265489
0.92239136
0.9142658
0.078703664
0.0780481
0.14677204
0.9030686
0.934617
0.9392266
0.9281331
0.12592803
0.12944996
0.8968351
0.8309025
0.8446217
0.9165786
0.9171531
0.88187
0.8486932
0.057496034
0.038975168
0.040145367
0.057929948
0.06575365
0.073450424
0.09118335
0.08153103
0.11112797
0.8701502
0.107483484
0.09259327
0.12275759
0.09101486
0.08207275
0.07782453
0.08462357
0.10143441
0.095119335
0.08385455
0.028230397
0.023755882
0.02790724
0.035237156
0.048106898
0.050881352
0.050105426
0.04476211
0.032810375
0.03014962
0.0516406
0.95186305
0.91641337
0.044831667
0.02243146
0.015275366
0.013643738
0.014651645
0.017567934
0.016289163
0.028090205
0.9413935
0.9592487
0.9760109
0.9787754
0.97487235
0.9693412
0.95435286
0.02401001
0.020426784
0.02540101
0.033847302
0.03554326
0.042545762
0.06453768
0.065644346
0.03982715
0.033323325
0.0354703
0.05541015
0.14950873
0.8527648
0.8472784
0.16865715
0.077973984
0.052349973
0.054630596
0.07914239
0.17096695
0.89516395
0.05629106
0.049331237
0.049793974
0.039500795
0.028442817
0.022271225
0.024377713
0.076678835
0.9385224
0.9551431
0.9431003
0.9347122
0.04836421
0.030997902
0.035813626
0.06743716
0.8791519
0.8581872
0.8463481
0.07977765
0.053908262
0.048006307
0.06593512
0.7998896
0.830574
0.8234364
0.9120957
0.055091187
0.03514013
0.027210139
0.02268307
0.031580932
0.9123942
0.059347864
0.056079805
0.10751297
0.9470147
0.9610607
0.9572261
0.95036495
0.9552948
0.036857296
0.027502155
0.0234028
0.027347244
0.034788005
0.05115759
0.083489776
0.13037486
0.8938603
0.07648932
0.06633488
0.056562155
0.06930916
0.88119876
0.90716183
0.8635612
0.84124625
0.0663744
0.050721243
0.07212937
0.093978465
0.23531748
0.2663268
0.8165773
0.1252262
0.120835066
0.30036503
0.78589803
0.70365155
0.07406713
0.04548364
0.048734546
0.12651351
0.91439396
0.9076297
0.8254772
0.08996487
0.08676648
0.107045434
0.7379823
0.10699997
0.30232406
0.8902392
0.91301
0.87867707
0.2506406
0.13888954
0.6426488
0.059436508
0.05078858
0.07299009
0.78378415
0.9139812
0.9066821
0.1128448
0.064766906
0.06417253
0.10716169
0.7238842
0.79658353
0.27383772
0.17542404
0.2026786
0.70179206
0.23693596
0.19224899
0.6630691
0.7218925
0.18438369
0.122626185
0.10175372
0.09332085
0.09648929
0.108567625
0.59016794
0.5038482
0.1651359
0.17801589
0.1289353
0.13416079
0.74600416
0.8189655
0.740149
0.76242054
0.884125
0.891556
0.086605154
0.045621794
0.03727637
0.053370554
0.8433919
0.84462297
0.8020186
0.78265077
0.060326777
0.044430472
0.056325585
0.09120019
0.6480599
0.7306624
0.89573795
0.9295396
0.88539857
0.16093826
0.10373558
0.09573279
0.1433583
0.14405967
0.17201053
0.09371529
0.09666089
0.7553229
0.09273422
0.06523431
0.07569364
0.07005067
0.10068347
0.83402115
0.9036266
0.90709805
0.8585227
0.87028444
0.8176711
0.82509744
0.8557543
0.80853856
0.78483826
0.8317453
0.7478487
0.7551595
0.753485
0.7704142
0.7991238
0.13565294
0.0884234
0.08863777
0.10320676
0.18105806
0.81817234
0.31219545
0.43150538
0.3854529
0.20401461
0.14740509
0.15435876
0.10936453
0.09546663
0.7007432
0.72955
0.7666283
0.8044812
