0.76457995
0.6634752
0.33981565
0.21415253
0.22464754
0.6568105
0.24712028
0.26320437
0.18525779
0.15420082
0.12840916
0.14641571
0.7016301
0.7957948
0.30549264
0.17899
0.16761075
0.17246506
0.21844898
0.23976861
0.26578408
0.30350724
0.26327592
0.19965695
0.2018774
0.16760291
0.2381886
0.91365355
0.3023667
0.09612919
0.07385508
0.07057649
0.09295145
0.06893714
0.046858203
0.05735673
0.74661165
0.77809834
0.7398868
0.7520036
0.7660501
0.21239151
0.13888066
0.07633902
0.05069282
0.059068296
0.14917089
0.9108711
0.93038946
0.9529788
0.95087415
0.14452836
0.067414574
0.036930352
0.036596727
0.033137877
0.022827104
0.02231268
0.028729348
0.060045164
0.1213041
0.9045926
0.85469663
0.062351122
0.04220611
0.048049085
0.08709409
0.8096435
0.24836436
0.21286213
0.31046587
0.831173
0.86317426
0.8466641
0.8799547
0.10976592
0.0806416
0.10173009
0.15006939
0.10565341
0.11447376
0.8025751
0.8915311
0.89000636
0.11664982
0.091656625
0.12791353
0.29529202
0.8132087
0.083143644
0.059078865
0.064519554
0.07543789
0.050650742
0.036682833
0.050996557
0.90260017
0.042697545
0.034306046
0.04786867
0.061991844
0.86216336
0.920682
0.36376494
0.9482412
0.18760575
0.042807646
0.024710149
0.017738676
0.014076858
0.014097167
0.042886015
0.96208173
0.9797503
0.98119694
0.97398067
0.0349626
0.018316804
0.019185372
0.03140607
0.049297616
0.8221275
0.31809026
0.33232936
0.8848121
0.61168164
0.89646494
0.8923899
0.0717571
0.04756432
0.047690928
0.08032531
0.8600504
0.87011534
0.89521897
0.054530468
0.04660386
0.04148152
0.04360724
0.07127953
0.077243336
0.106787086
0.14877872
0.8345336
0.026041368
0.016243838
0.024109805
0.9026534
0.91481644
0.9383176
0.96492577
0.9624979
0.94009745
0.03243601
0.020848835
0.0206833
0.02874367
0.043325
0.053448915
0.045374088
0.0363306
0.034622815
0.04394772
0.08891416
0.4577349
0.7149427
0.63663846
0.87066174
0.8293204
0.80861443
0.84755975
0.8073671
0.77535075
0.726622
0.6882909
0.1331588
0.0995524
0.08181808
0.7650101
0.06906279
0.071896434
0.109312154
0.12133268
0.1261773
0.09387683
0.11289663
0.8717965
0.11666395
0.077471904
0.0747167
0.09626769
0.15258978
0.1260014
0.12767094
0.11121667
0.092536986
0.08397735
0.036882408
0.03449408
0.035952065
0.043036968
0.06148691
0.06143498
0.07378245
0.9201475
0.053798888
0.047670163
0.08294909
0.8439167
0.82411027
0.14104486
0.046263248
0.026218673
0.020776285
0.022093877
0.03623474
0.91891575
0.07980707
0.06838542
0.23374242
0.9540596
0.9523451
0.9250533
0.89300674
0.027202353
0.018601844
0.01749238
0.022797816
0.038392458
0.045210067
0.057247475
0.08450015
0.09166149
0.048978396
0.036516763
0.030948728
0.039198805
0.06705254
0.11474871
0.89039373
0.89246434
0.8415168
0.18725719
0.12216444
0.12416233
0.21098442
0.9022019
0.06262248
0.044911034
0.04256542
0.034392595
0.028871544
0.027725713
0.034049362
0.09615947
0.9017366
0.9219746
0.9082374
0.90717655
0.8281877
0.8248692
0.16007015
0.18255685
0.42289296
0.8634003
0.08967347
0.04255646
0.03311278
0.034082204
0.060916595
0.80416584
0.8273216
0.81762385
0.89366347
0.08638736
0.048369884
0.036965784
0.03831218
0.0727616
0.90286964
0.105548
0.12942113
0.83150846
0.8775265
0.8569682
0.88356143
0.8427436
0.8686334
0.26278916
0.2049847
0.77487576
0.15931398
0.07662164
0.06580679
0.07364655
0.15660141
0.7241093
0.052828457
0.041539717
0.04447143
0.059223194
0.8783502
0.9297314
0.9022966
0.8631697
0.08450334
0.058514077
0.06321882
0.08117725
0.085396126
0.17321615
0.29459038
0.30649242
0.70102316
0.44132057
0.20096642
0.64906406
0.66648316
0.76645994
0.8671139
0.87044334
0.92144454
0.93041867
0.93077594
0.9209745
0.10488195
0.085117
0.06903523
0.05975278
0.05476472
0.091100894
0.88074815
0.8941107
0.81970674
0.07953213
0.04383469
0.031294614
0.035180252
0.89802635
0.9504136
0.9595191
0.9506261
0.0947321
0.07657735
0.095080964
0.10001775
0.6918007
0.78717905
0.782096
0.8464026
0.78560346
0.5914282
0.19281858
0.21548572
0.25320628
0.30733743
0.2094844
0.16635364
0.13934161
0.13994528
0.14914708
0.21647622
0.65997165
0.5823801
0.13202684
0.16008501
0.1568884
0.1366928
0.122558825
0.10519155
0.11849198
0.75495917
0.7569725
0.82551503
0.89126265
0.9057793
0.35971084
0.24856599
0.2485571
0.2322678
0.27303395
0.23712413
0.19373943
0.66707385
0.6998673
0.69208664
0.66616476
0.63892007
0.6736359
0.77695113
0.78263986
0.7051251
0.6970331
0.70483476
0.71727973
0.78967255
0.878582
0.9005565
0.9004257
0.88190556
0.16256881
0.12709731
0.15632373
0.122614615
0.18904355
0.84344846
0.7661192
0.74940425
0.7871805
0.8785495
0.892722
0.8857105
0.88170135
0.83535063
0.69458914
0.5896316
0.12334538
0.12559196
0.1318627
0.13015305
0.13854678
0.1711731
0.2516846
0.5113021
0.81232476
0.35892853
0.32399678
0.2796265
0.5751876
0.5092218
0.14219624
0.14329596
0.20646244
0.6833693
0.7585423
