0.5175721
0.3709331
0.39265987
0.7732566
0.26977718
0.29641783
0.3615533
0.37664607
0.32567254
0.26139742
0.652809
0.6413248
0.68214947
0.6711217
0.3301514
0.3352957
0.28263885
0.20218442
0.14054254
0.10494231
0.08498907
0.122672044
0.74440336
0.7663213
0.82835984
0.81341404
0.80746984
0.81462836
0.8288688
0.84292245
0.8516399
0.85747766
0.8566479
0.85480547
0.8647403
0.07193724
0.043449007
0.0496324
0.075172074
0.08359537
0.07955989
0.10644892
0.17786863
0.89592105
0.8858502
0.8899092
0.883712
0.87154114
0.8835737
0.090298794
0.065847546
0.08251745
0.10776759
0.10037674
0.076926865
0.792854
0.77976954
0.16032687
0.22164279
0.25535727
0.87901723
0.9149748
0.913769
0.09131102
0.08901447
0.09221612
0.094720505
0.15796705
0.15296076
0.7074041
0.063329
0.073648594
0.13505042
0.8212831
0.7167987
0.096326284
0.1337315
0.8189903
0.20248283
0.24053593
0.15246363
0.12963934
0.58521503
0.14799066
0.11019049
0.624545
0.103777274
0.068210155
0.055356998
0.04663297
0.044016313
0.04585331
0.05630081
0.08742994
0.7613131
0.7372515
0.18718897
0.10046338
0.06967593
0.058114335
0.09188259
0.73181206
0.6892919
0.12498227
0.114421174
0.65694344
0.718707
0.07241879
0.04527618
0.104755364
0.8825558
0.86092526
0.91160583
0.07830019
0.035088353
0.036164
0.7808228
0.03140215
0.026327355
0.07783252
0.917903
0.9396295
0.905525
0.89770085
0.11069945
0.036723226
0.022422874
0.020820217
0.02388593
0.03924493
0.8362558
0.8111588
0.83252454
0.7701292
0.07821573
0.059076734
0.06541177
0.78290105
0.8696634
0.17354245
0.1416045
0.8978465
0.8788769
0.045526072
0.030668564
0.029011006
0.03008659
0.033396658
0.035114698
0.0392933
0.049403958
0.05294133
0.06408116
0.7409085
0.112354614
0.109654605
0.86555475
0.11810397
0.8062146
0.06116592
0.03849422
0.034898847
0.034583196
0.03733906
0.04140596
0.05559873
0.11920466
0.9034052
0.9036243
0.34967297
0.17738862
0.1261697
0.0933242
0.23403682
0.810811
0.15066051
0.12998252
0.12494943
0.10416446
0.08070876
0.06067082
0.052048508
0.05130773
0.08006108
0.89754766
0.8536058
0.06367084
0.052229073
0.11132794
0.82825285
0.85462654
0.89377505
0.92157686
0.9094951
0.21464717
0.103858456
0.10743579
0.8270899
0.9010248
0.90576416
0.20224197
0.15227938
0.13819645
0.101628445
0.72759295
0.7571048
0.20874925
0.08797045
0.8161463
0.059864108
0.052345492
0.037088476
0.032036692
0.03417534
0.06765095
0.8798011
0.9095206
0.1169165
0.0512041
0.049279045
0.11057414
0.8531994
0.8603693
0.105942935
0.03682046
0.022822857
0.017900521
0.0183354
0.035402805
0.8986505
0.90768856
0.90093815
0.8848537
0.8795364
0.90472406
0.07861247
0.029064674
0.020986991
0.02643508
0.042998847
0.1267667
0.85730356
0.86187005
0.11086243
0.058010835
0.06917428
0.16399331
0.9304205
0.92950666
0.16390568
0.06440715
0.05315083
0.058288753
0.06708911
0.07480634
0.734775
0.7179704
0.22697833
0.3499238
0.82944536
0.863332
0.84365964
0.87330616
0.14283688
0.0974305
0.108557165
0.10974951
0.13423727
0.5024432
0.26725447
0.4712028
0.365201
0.11674533
0.08972031
0.06956453
0.076773524
0.8051354
0.8449068
0.88267076
0.846231
0.06932922
0.03643783
0.034801476
0.0401383
0.073572524
0.8132523
0.8339788
0.84578115
0.84652096
0.8453273
0.86058426
0.45283413
0.1399051
0.9100403
0.060942274
0.049965795
0.05189808
0.05913963
0.06659474
0.054982945
0.04870181
0.057840653
0.15225254
0.81974447
0.8325481
0.7360183
0.049917582
0.040214207
0.04951316
0.12377538
0.84438324
0.8884535
0.24517868
0.16246714
0.9053485
0.11889969
0.06445667
0.07394835
0.19579554
0.3890143
0.85262495
0.8386261
0.819822
0.21828467
0.08225363
0.054671757
0.06298837
0.119086176
0.76972574
0.16321409
0.25327867
0.7895816
0.81236285
0.7760409
0.7994407
0.89184886
0.90225565
0.8792666
0.29026464
0.29210037
0.7804676
0.09247446
0.062350787
0.041792184
0.037996814
0.042896125
0.07442057
0.19713488
0.89478034
0.8529833
0.8524087
0.89086825
0.8280333
0.864513
0.9215299
0.9319808
0.92886585
0.9195833
0.049678247
0.02832131
0.024536032
0.026692364
0.032806795
0.04643876
0.0687348
0.72927356
0.20468518
0.30850032
0.80989695
0.06648616
0.086787455
0.104825996
0.09928306
0.101703845
0.09086016
0.09176867
0.072538145
0.06408573
0.117736086
0.8220816
0.82511705
0.8446682
0.8540685
0.8621261
0.88403016
0.8886901
0.9079427
0.90195984
0.86709875
0.8398767
0.8164755
0.79128426
0.77425426
0.7719188
0.77095246
0.7874734
0.10578139
0.074610904
0.07578057
0.10686189
0.77541566
0.09266468
0.09294543
0.1120174
0.1717182
0.2383467
0.15255116
0.123053476
0.112639755
0.109371
0.16202252
0.4899873
0.54526657
0.621216
0.6844596
0.439972
0.31853703
0.242586
0.2419235
0.32251474
0.4084726
0.48491064
0.33224803
0.26499203
0.29189473
0.4269071
0.68034214
0.65135145
0.61938846
0.50371516
0.47456738
0.4007553
0.26526496
0.24196206
0.26165432
0.341089
0.36006868
0.25505248
