0.8039906
0.6996507
0.6400408
0.674466
0.7503153
0.8461733
0.8800316
0.8706709
0.8731858
0.8102507
0.19361264
0.07907274
0.06996045
0.10394132
0.7478994
0.893561
0.90722483
0.24363418
0.06285749
0.038387347
0.03682179
0.06323814
0.8952911
0.9488695
0.94904286
0.9373088
0.06450037
0.033310134
0.036316365
0.052922584
0.10438617
0.8848966
0.07916912
0.06045465
0.06555737
0.112436295
0.3493332
0.40514284
0.70273674
0.77005726
0.28214446
0.62307507
0.10923088
0.08932932
0.08305986
0.08590674
0.094546616
0.10139229
0.11554582
0.13932689
0.12566522
0.12498529
0.19203418
0.80950826
0.7844276
0.78632325
0.82214904
0.7614769
0.6231655
0.6174676
0.13468502
0.086213544
0.106855616
0.14867923
0.19468313
0.5799738
0.60131836
0.7017711
0.13645491
0.09561052
0.13965058
0.27447248
0.8862835
0.91020274
0.9065349
0.1558572
0.09234573
0.091651335
0.08572834
0.077809215
0.06828796
0.06342228
0.060522176
0.06250433
0.050264258
0.04293576
0.04653095
0.03857589
0.07029926
0.84201413
0.90532684
0.9065887
0.28592235
0.9338738
0.93859047
0.17611879
0.06482048
0.04413824
0.041892037
0.0404677
0.033661444
0.025262654
0.01840434
0.018646175
0.042940237
0.9194356
0.9145709
0.94078887
0.96200794
0.96681947
0.96016
0.94973433
0.949195
0.035778806
0.019730898
0.016097413
0.017070767
0.02514452
0.051414654
0.09343287
0.11390465
0.09124968
0.0953523
0.85493815
0.8617747
0.1411192
0.7927991
0.77712
0.7820219
0.84944254
0.09985684
0.06954692
0.06435131
0.07530572
0.10646376
0.9097697
0.9232174
0.89507145
0.8034708
0.7681921
0.8553844
0.44430387
0.24180299
0.19965076
0.76527566
0.6305418
0.60596144
0.6327225
0.18318705
0.21095851
0.3582463
0.8324511
0.8848987
0.092724025
0.07148119
0.067700185
0.059536573
0.048392624
0.04005381
0.03620009
0.03490529
0.07833605
0.91672385
0.1050259
0.12973876
0.9182711
0.87253726
0.8145461
0.78255326
0.050399616
0.03125951
0.03377152
0.050442565
0.13793334
0.933877
0.93843454
0.9180794
0.16836752
0.073351644
0.06384476
0.07355867
0.10046054
0.11647437
0.6725961
0.66936624
0.13523397
0.09464526
0.085424304
0.10285987
0.119391344
0.101653054
0.08668849
0.09349679
0.139361
0.2261412
0.90883183
0.8896305
0.78465706
0.10272702
0.13055867
0.7749984
0.8704824
0.8782284
0.83090174
0.8118778
0.8134739
0.6966613
0.66053075
0.67774904
0.6802829
0.6694644
0.10593203
0.103069834
0.83556086
0.9229297
0.9327241
0.26334053
0.06942739
0.041466646
0.029455958
0.028832005
0.033551455
0.039229028
0.053277373
0.07822758
0.13356405
0.7788629
0.73157847
0.7256768
0.11963682
0.07528357
0.14675416
0.9046422
0.15717572
0.1495691
0.099177666
0.07124328
0.17229676
0.9219339
0.88021487
0.040822055
0.038989224
0.060731582
0.050435267
0.03237783
0.027518734
0.029289467
0.070560195
0.8815814
0.9340083
0.94804335
0.941974
0.9160097
0.89671326
0.057002947
0.025010427
0.017066903
0.0131334895
0.01272042
0.03046225
0.9416798
0.9567644
0.9690018
0.9758685
0.9729777
0.032830123
0.014479228
0.01229731
0.013990524
0.01837463
0.053005606
0.9357837
0.93314004
0.8564359
0.7844213
0.03959162
0.0312109
0.031093664
0.03480718
0.0450733
0.055881448
0.0787444
0.18771218
0.92161673
0.9114229
0.8151766
0.11919384
0.07919537
0.08087044
0.12601364
0.21929215
0.74861443
0.23974752
0.1791351
0.2003327
0.6974259
0.72314006
0.83352435
0.052854706
0.036463846
0.031970784
0.032797046
0.03938523
0.06410991
0.81886023
0.17754793
0.12787727
0.18885127
0.76145023
0.7746856
0.8665998
0.8384161
0.8727762
0.09891766
0.054565992
0.059812933
0.838018
0.9291852
0.9487084
0.1233303
0.034642983
0.024703143
0.021164402
0.02471953
0.02232487
0.01971309
0.01911398
0.021329464
0.03853081
0.9381606
0.052020993
0.033277214
0.09974144
0.9134725
0.91984355
0.94266224
0.96815735
0.97136724
0.9602281
0.09110605
0.026936393
0.024736272
0.8739803
0.8834596
0.9132424
0.9254594
0.1023673
0.06874479
0.05865397
0.040700167
0.033253554
0.03233395
0.03166626
0.034902703
0.04830787
0.054965153
0.8917659
0.92498416
0.91744
0.18770519
0.22771002
0.18824047
0.7614753
0.20335732
0.09330281
0.09559081
0.70579284
0.062434148
0.06409174
0.8952987
0.942334
0.9329402
0.8754573
0.0930437
0.08365408
0.7398243
0.21882625
0.15839384
0.24114257
0.8651841
0.17592461
0.10270836
0.112681925
0.6874974
0.093065
0.1002019
0.16822554
0.2030384
0.32284433
0.41166344
0.850325
0.81630385
0.630752
0.37036818
0.3512472
0.39102685
0.3729603
0.4826499
0.515449
0.43526828
0.38624173
0.40656087
0.30953747
0.28611416
0.51583207
0.6186288
0.33276254
0.27800193
0.3970345
0.6797832
0.7534107
0.38182583
0.2232779
0.19383256
0.19742236
0.18673208
0.18623261
0.5376166
0.28726995
0.53613317
0.64382124
0.7874532
0.3974949
0.3883027
0.91873616
0.9315668
0.9233348
0.89374924
0.8120492
0.7885859
0.68042547
0.7008862
0.79009604
0.76238525
0.7860094
0.8311175
0.797903
0.85452753
0.8527075
0.8723323
0.83703566
0.80344784
