0.9262808
0.88324857
0.8399169
0.8292972
0.86982363
0.4642181
0.2518678
0.18762416
0.1664202
0.16397002
0.15592003
0.17512788
0.5382573
0.19814293
0.18048424
0.24567513
0.7189172
0.33977252
0.22161639
0.21164216
0.24540262
0.30640686
0.3719438
0.45066547
0.7783306
0.39924437
0.28611353
0.30478847
0.22296114
0.18361145
0.22493973
0.83728236
0.36945537
0.18413542
0.15551217
0.1287109
0.11793822
0.11719258
0.13123918
0.10417068
0.095302746
0.10215047
0.17115912
0.8060007
0.15078613
0.17196405
0.85814637
0.19251077
0.18143791
0.14154564
0.16133279
0.14909774
0.20366427
0.20772171
0.7487831
0.7062056
0.12839869
0.071368776
0.055010416
0.054499995
0.100034915
0.7818292
0.11492062
0.115494095
0.11558606
0.13940544
0.71670455
0.6779471
0.6954336
0.73736805
0.7751225
0.097528234
0.088735364
0.12586084
0.13948153
0.76917464
0.066649854
0.040989175
0.041003887
0.05858446
0.2061224
0.88351625
0.7573539
0.7081426
0.048062276
0.053335194
0.07934809
0.15929495
0.8693542
0.30922475
0.40221557
0.9049832
0.8910738
0.32990962
0.8785615
0.8699833
0.85724145
0.7814602
0.7080236
0.20534681
0.7277059
0.8420984
0.33101398
0.21308471
0.7764908
0.16754825
0.115630105
0.06401059
0.06361017
0.77398443
0.81079394
0.753905
0.8181736
0.8859136
0.35981563
0.14682677
0.08467263
0.5401075
0.05697058
0.06236318
0.80211896
0.89137834
0.3341256
0.5095605
0.91673744
0.073696144
0.060524907
0.080848895
0.06364013
0.036380585
0.03458297
0.9289208
0.96264005
0.9657818
0.95975816
0.058363643
0.044240035
0.037035204
0.03957346
0.050873913
0.054390084
0.8290967
0.25803456
0.38688433
0.9186677
0.8950169
0.8651831
0.123242326
0.082958326
0.73320836
0.11054657
0.1691554
0.22516493
0.9114255
0.11092786
0.053466145
0.034237087
0.030752748
0.030490484
0.03841183
0.057296343
0.82836866
0.70034665
0.10492227
0.16600665
0.14065433
0.8557843
0.9293242
0.9481634
0.9405275
0.087830216
0.040042557
0.039064042
0.032486703
0.029301634
0.04099178
0.89507616
0.9127734
0.0578413
0.06412196
0.91241336
0.9253742
0.9184681
0.9122136
0.04296668
0.023640396
0.018845325
0.01962484
0.024159476
0.028533688
0.029810838
0.04092658
0.72128123
0.6937527
0.7253448
0.8282825
0.36183965
0.25550178
0.19024995
0.7054812
0.7431508
0.19673523
0.13493422
0.56720185
0.099097714
0.08058954
0.09814688
0.17900294
0.8372859
0.8325557
0.83430564
0.27268493
0.1568298
0.14049953
0.16970769
0.2464125
0.2727325
0.34079483
0.8142148
0.10272807
0.1068003
0.27152726
0.90756273
0.83218354
0.092071556
0.053497862
0.02788897
0.021648357
0.016948916
0.014339408
0.014922182
0.023636075
0.91271245
0.9391553
0.96228427
0.96718353
0.958974
0.9317862
0.90768844
0.031711295
0.027518267
0.039693758
0.06689702
0.07405771
0.108389564
0.21170622
0.23063523
0.11396454
0.073163815
0.061118335
0.7919162
0.7809722
0.68228
0.6883937
0.78525054
0.73376435
0.72892606
0.8686147
0.186786
0.25273398
0.9222631
0.08106085
0.045364134
0.030842593
0.024842298
0.022128195
0.02416918
0.0438261
0.87448156
0.8817672
0.91341025
0.900888
0.9154641
0.8621909
0.85065013
0.8773187
0.857904
0.100361735
0.08913564
0.05831048
0.040749285
0.036677036
0.043615066
0.06966185
0.74778694
0.43161815
0.32538494
0.88399893
0.053193744
0.04296972
0.038291186
0.037995107
0.051735617
0.9075111
0.051186685
0.03956827
0.07868518
0.9266919
0.9350402
0.9485736
0.9380646
0.951068
0.044860788
0.028930092
0.024221057
0.026337417
0.035236876
0.055360626
0.09539768
0.14346486
0.89882
0.091800585
0.075506195
0.06570723
0.08145854
0.87344193
0.89785826
0.8464243
0.8177539
0.06268348
0.05107093
0.07361188
0.080649704
0.73906785
0.66940117
0.76474017
0.6935548
0.7305062
0.86024266
0.11345693
0.041621916
0.030375296
0.025600433
0.02899262
0.07843791
0.9254557
0.9131372
0.848735
0.8151155
0.13305582
0.051435735
0.03547366
0.041363355
0.13415813
0.903221
0.9455938
0.95555466
0.1071026
0.022325229
0.012020142
0.010175333
0.01534455
0.9432349
0.96346694
0.9777519
0.9751321
0.036831018
0.017822878
0.015505083
0.022034613
0.06265059
0.9439303
0.099122085
0.07095458
0.07383123
0.10199799
0.09761912
0.09828238
0.1104357
0.1411443
0.1511079
0.12786245
0.11416038
0.54566455
0.1324893
0.10704569
0.116083026
0.13784848
0.15730675
0.2309062
0.58759606
0.2983377
0.31953713
0.4397892
0.47323188
0.35854736
0.35668856
0.4268974
0.58350885
0.16480881
0.11760107
0.14499012
0.6561688
0.20394894
0.12973414
0.12181235
0.11762518
0.11576439
0.109835014
0.17517145
0.2089503
0.32468638
0.45877138
0.516379
0.8366065
0.17520162
0.205582
0.7996671
0.17011239
0.18230134
0.20649843
0.2372055
0.29428566
0.6514314
0.3352101
0.65400875
0.7335552
0.6259125
0.6386439
0.7039573
0.81523246
0.5026101
0.71372986
0.46124342
0.50096947
0.46452686
0.38670912
0.23574531
0.6046002
0.14696836
0.17438638
0.66212714
0.15598357
0.15000764
0.13353056
0.14075582
0.82376707
0.85263866
0.8417646
0.84327126
0.8669679
0.8699814
0.8838749
0.8904418
