0.8339355
0.73606217
0.72611856
0.8083556
0.8199516
0.8761912
0.8690433
0.3882319
0.22197576
0.20033388
0.16937241
0.1543906
0.6055171
0.19206606
0.25178596
0.4356277
0.76466835
0.6536517
0.61672395
0.15305488
0.121826224
0.1303892
0.21094337
0.6529511
0.7951785
0.77857745
0.2917202
0.2604751
0.62740546
0.63968736
0.6558328
0.70232946
0.6215352
0.61879414
0.6520183
0.7078494
0.21502836
0.15937002
0.73793435
0.81674975
0.14152624
0.08655596
0.080466405
0.09781432
0.70584905
0.6912699
0.7380226
0.10570055
0.0837241
0.079771474
0.6955526
0.11440103
0.14518933
0.3086639
0.6649996
0.30721673
0.4588294
0.8035427
0.7164559
0.09386594
0.084342755
0.09497161
0.12613493
0.53498906
0.19851418
0.1702504
0.1800105
0.55569077
0.19302298
0.1777327
0.18674473
0.29364336
0.49711335
0.85137856
0.45614332
0.21236646
0.1596359
0.6643091
0.11683778
0.1008378
0.09238514
0.11614417
0.1632968
0.8185922
0.19507845
0.18705529
0.122921
0.12169128
0.6618581
0.6754866
0.8024062
0.31527746
0.32771426
0.9011121
0.92483646
0.92537975
0.8741672
0.06968486
0.029115837
0.022934506
0.02475116
0.028009964
0.033072624
0.029015362
0.032361917
0.061844554
0.95021284
0.9557245
0.95641184
0.93860674
0.046064686
0.02425632
0.018171055
0.01743979
0.018165417
0.020177683
0.028014148
0.033403553
0.081458524
0.84597296
0.78073967
0.76136506
0.82981926
0.26285893
0.35716665
0.79995203
0.79758596
0.69713306
0.08868046
0.09108347
0.123985566
0.16336003
0.86991036
0.9053654
0.8931895
0.80757076
0.23667583
0.36369482
0.3734549
0.7108065
0.6912247
0.19453228
0.09272223
0.069737546
0.50271124
0.05632826
0.06206426
0.8247694
0.92135954
0.2219049
0.06827561
0.057807054
0.05206402
0.03720596
0.030208053
0.026281761
0.024591278
0.025604077
0.059329428
0.91959196
0.09043787
0.119699575
0.93889993
0.90304315
0.8519831
0.82123065
0.043247905
0.023192672
0.022330869
0.034492616
0.11468746
0.93473417
0.94607997
0.92591894
0.12753022
0.052397687
0.04453237
0.04952912
0.060722537
0.052952476
0.06886494
0.76750773
0.7014617
0.13297299
0.11411188
0.76444644
0.84860635
0.8627036
0.1759857
0.12993681
0.17916365
0.7335026
0.76379716
0.3235351
0.25266245
0.22659533
0.5951999
0.63059485
0.81211257
0.8796332
0.2294986
0.17533757
0.18260083
0.14857328
0.15044764
0.66587716
0.10893296
0.084808685
0.09092012
0.14957383
0.2320393
0.44102293
0.86585987
0.8350494
0.7173243
0.6348789
0.6248629
0.62823015
0.6429276
0.67166775
0.7251195
0.21991608
0.18837547
0.14509276
0.1266757
0.12911619
0.05150372
0.048827764
0.043960255
0.04480352
0.0493064
0.09796954
0.108586155
0.11549984
0.23945491
0.9398
0.9128562
0.06719406
0.03802125
0.023984259
0.017659165
0.014773048
0.016139017
0.020431455
0.045342498
0.9050674
0.9465959
0.96164894
0.9627581
0.08950995
0.028381977
0.021760266
0.02076641
0.031352077
0.82974094
0.038837306
0.05620684
0.887572
0.9264738
0.9505713
0.96904594
0.9546587
0.08611516
0.047542322
0.8423674
0.08571237
0.035264105
0.031158889
0.04075917
0.11882595
0.88629854
0.8759141
0.038336832
0.02545867
0.024639713
0.02674007
0.033532754
0.038770877
0.070796974
0.18968444
0.93238634
0.9210591
0.8544855
0.106103785
0.0758556
0.07956316
0.06740943
0.061312295
0.061846517
0.064020984
0.06670898
0.093399964
0.15714572
0.7565758
0.18249479
0.12921736
0.13714379
0.1589713
0.21723622
0.23301867
0.3074655
0.31108236
0.3564809
0.2518335
0.5578031
0.16678981
0.15523349
0.1861131
0.63025963
0.17583366
0.14006169
0.14395301
0.69457257
0.7672372
0.9011343
0.9207464
0.052450698
0.05494129
0.05527837
0.050091244
0.052130368
0.06144037
0.05589831
0.05159825
0.06796207
0.88133794
0.16697972
0.042422224
0.03185655
0.04626586
0.84259385
0.8556702
0.8961766
0.9428591
0.95060456
0.9358417
0.876103
0.8301002
0.06716218
0.06025582
0.075909294
0.11460249
0.8191908
0.87139523
0.18610032
0.18672158
0.1351921
0.10470471
0.093553804
0.12911652
0.22081235
0.21796311
0.14453316
0.8086408
0.88074
0.897219
0.8967304
0.91266084
0.056345522
0.038542587
0.031325053
0.029674836
0.02844248
0.02538562
0.024204096
0.035417374
0.90799373
0.9507078
0.9539116
0.92908305
0.82234484
0.6730633
0.69001794
0.0755932
0.111161515
0.837844
0.19747804
0.2049655
0.14398888
0.12589878
0.10923882
0.11710795
0.08070111
0.085828185
0.094940916
0.13007618
0.19977938
0.45058683
0.8787802
0.8067603
0.7776815
0.7659378
0.80709183
0.708908
0.66249967
0.6493831
0.15442722
0.1545246
0.20411746
0.2262112
0.28321654
0.26759455
0.70377254
0.56346166
0.62117153
0.79651684
0.5781629
0.5755731
0.7052756
0.21289259
0.16971286
0.21241924
0.15337448
0.13879819
0.1535677
0.25473934
0.8033165
0.14989543
0.14909841
0.81986064
0.8998537
0.30233642
0.1050711
0.08037773
0.07126453
0.090577066
0.8539645
0.83526367
0.84444433
0.8774348
0.86493057
0.88902307
0.876177
0.846678
0.7364711
0.6822483
0.0862749
0.065436676
0.06650622
0.09613469
0.19491413
0.7559637
0.28618282
0.35944062
0.73432875
0.7329133
