0.94401205
0.9339207
0.92762595
0.90501446
0.8279337
0.8327852
0.89652514
0.8823083
0.79320127
0.20421459
0.12880588
0.11626362
0.11442264
0.11734743
0.12124731
0.11878611
0.113537535
0.12160065
0.17206085
0.13171735
0.1320021
0.7099701
0.74763525
0.8171542
0.87252563
0.8734238
0.8498603
0.8348914
0.16181311
0.11580702
0.102206476
0.09442564
0.12715983
0.84675324
0.7958234
0.65313435
0.5699273
0.57264584
0.6519499
0.78420186
0.78985095
0.7110795
0.7608162
0.8487963
0.84460825
0.7796674
0.75733525
0.74955475
0.7738173
0.79293835
0.17186002
0.12208462
0.13630508
0.17751256
0.17429028
0.19540697
0.22588213
0.24119614
0.16805787
0.16174646
0.6064363
0.5773014
0.5592257
0.5762378
0.3032552
0.71665
0.14715989
0.12795961
0.13371392
0.16091728
0.55517095
0.16069475
0.14611799
0.22058953
0.34757727
0.84648293
0.85954064
0.77116096
0.14762698
0.08391336
0.07033471
0.064534344
0.07856994
0.109839104
0.17241055
0.83621734
0.84900177
0.2549186
0.17045335
0.72991073
0.7723544
0.786607
0.10083019
0.049838554
0.043064754
0.037347343
0.028622473
0.022601895
0.019708022
0.019803941
0.020501627
0.01938908
0.022663733
0.069304265
0.91979533
0.9402764
0.94011444
0.9530446
0.94798595
0.060570147
0.038109645
0.024715343
0.02218415
0.022666994
0.045048773
0.9599409
0.97672766
0.97796625
0.9702588
0.04068289
0.020360367
0.017481042
0.016944556
0.019457333
0.031034658
0.87821835
0.90255207
0.93134534
0.9406145
0.9305637
0.93546414
0.052131414
0.028680967
0.027271347
0.035634175
0.08164262
0.8400273
0.79808277
0.86417216
0.81614685
0.8176911
0.8999857
0.028140107
0.028922383
0.058516495
0.06528164
0.04235631
0.025124224
0.019116195
0.027448501
0.94813323
0.97108614
0.9726667
0.96678615
0.057492092
0.039081633
0.033398952
0.04146118
0.08752485
0.94845605
0.048024897
0.023831174
0.021194845
0.023377344
0.03402619
0.06732056
0.07717206
0.042474255
0.036235463
0.05938469
0.88183445
0.8090613
0.18470822
0.24634269
0.77630115
0.063220434
0.04758198
0.045339625
0.047164403
0.051621344
0.063640445
0.09936593
0.08451207
0.058190547
0.05383327
0.081354745
0.08332136
0.1134775
0.9074202
0.050083168
0.04498173
0.086842656
0.9319521
0.89363825
0.06308696
0.02550436
0.01558901
0.012885175
0.013857678
0.01673396
0.019581255
0.03939194
0.9384216
0.95215267
0.97082144
0.9713207
0.96219736
0.93926716
0.92106736
0.024442226
0.019922763
0.021420587
0.028596645
0.031878956
0.03980884
0.058359925
0.05940151
0.03377639
0.028970696
0.056152612
0.933997
0.92836237
0.864551
0.114645585
0.10174423
0.07039183
0.052582014
0.061504878
0.11835703
0.77180874
0.8286335
0.06211468
0.048318125
0.04357973
0.036373105
0.032494545
0.03817018
0.06461595
0.8587483
0.85912174
0.8990641
0.8816853
0.89976585
0.8432284
0.83551455
0.8602408
0.8537437
0.09186596
0.07998315
0.06681227
0.062270552
0.06827153
0.056100443
0.060469776
0.81957716
0.84412664
0.8409532
0.91646796
0.048531312
0.032572705
0.025896294
0.023822151
0.036222577
0.9111279
0.04445779
0.03667025
0.073088296
0.9263887
0.9367505
0.9498498
0.9390719
0.95140564
0.042749774
0.027236268
0.023095025
0.025450377
0.032636993
0.04891283
0.079895265
0.113241576
0.899083
0.07211434
0.062088374
0.056452915
0.07197845
0.8812474
0.9050804
0.850364
0.817096
0.068676695
0.055783946
0.084818095
0.09058472
0.63839746
0.078835905
0.13923849
0.09923111
0.12530547
0.8514753
0.16241461
0.15966538
0.19522493
0.7264502
0.6776587
0.25435114
0.87572724
0.89294356
0.87253886
0.89724386
0.15705284
0.06529007
0.042955868
0.048508544
0.13347901
0.87885547
0.9229297
0.9294673
0.88204944
0.031049186
0.016706567
0.01299627
0.018901251
0.94480157
0.9741528
0.9764191
0.96769774
0.029653333
0.015954943
0.016026795
0.030918967
0.8801774
0.9398099
0.93770045
0.10196726
0.049534913
0.044966083
0.053590693
0.055011112
0.096734054
0.9119701
0.90551406
0.22763056
0.13181086
0.109233655
0.48176962
0.13999365
0.13321772
0.5643545
0.18524612
0.19650474
0.76105374
0.6166227
0.6166293
0.7038818
0.86787945
0.0886842
0.08232366
0.09632545
0.07579535
0.052488938
0.044480015
0.042820577
0.045240328
0.047743738
0.06299075
0.11865067
0.8332778
0.79689413
0.8119211
0.82521594
0.855287
0.20749418
0.18016611
0.14580283
0.08976333
0.06963481
0.08099249
0.666485
0.1399829
0.17074785
0.20462553
0.23301621
0.35813382
0.110916145
0.07856755
0.079751104
0.114390984
0.24101965
0.8539692
0.8797502
0.30484647
0.26020515
0.89386714
0.89409626
0.90695745
0.89472425
0.842575
0.80161226
0.8318748
0.22958007
0.34406748
0.74292284
0.7556075
0.8333747
0.16096346
0.08794758
0.072866954
0.087169304
0.17029808
0.77594084
0.7715504
0.8663193
0.89297074
0.8798983
0.86983466
0.54348713
0.31944603
0.214556
0.16105355
0.14438698
0.15404075
0.18307067
0.2504572
0.34538376
0.45786247
0.4421352
0.5329663
0.63099986
0.58481026
0.40121073
0.31153437
0.21896723
0.17710553
0.16466115
0.16849376
0.14620018
0.1399103
0.16497925
0.22061937
0.16629718
0.15182588
0.7536301
0.6474786
0.5712248
0.6160768
0.7133145
0.8053182
